10000
713 105
662 537
20 692
436 494
660 842
446 980
327 695
29 489
761 549
808 958
715 157
578 534
549 507
419 975
628 428
147 371
407 423
368 115
515 325
720 25
855 502
130 1
858 866
15 724
655 912
359 856
450 934
997 199
517 158
148 137
884 489
739 177
127 444
899 346
717 683
482 428
92 430
344 695
855 711
503 834
993 428
311 33
526 295
823 713
945 263
576 720
888 747
211 326
972 267
299 418
44 83
853 499
536 853
964 596
411 138
513 482
314 61
55 709
994 547
508 888
950 274
244 535
925 629
984 645
170 290
756 615
901 353
110 937
687 889
105 170
99 440
833 238
23 62
514 424
58 703
73 178
39 347
340 763
8 228
205 43
870 52
969 262
4 632
983 858
236 828
972 111
521 940
268 547
20 485
171 791
866 342
497 729
825 102
875 566
147 819
214 476
124 564
991 969
262 876
366 380
92 467
57 630
355 259
957 740
844 476
71 460
245 556
768 298
944 743
535 38
212 982
880 163
943 983
138 494
173 522
919 545
762 595
388 851
291 680
424 30
507 792
450 725
673 390
930 896
527 433
610 630
173 370
870 709
364 410
854 528
895 797
68 270
315 294
185 451
175 839
458 389
190 742
751 797
145 175
364 944
290 682
945 969
476 74
428 709
822 143
926 283
766 545
563 630
642 577
155 280
985 813
661 517
808 752
572 664
97 308
601 694
358 685
335 997
92 531
734 729
538 11
727 307
448 291
119 222
412 480
199 816
607 822
543 753
910 963
987 219
397 104
613 29
111 269
346 414
568 248
601 3
323 42
270 557
983 926
509 50
268 431
809 606
260 92
924 557
852 203
809 720
49 671
861 74
176 855
396 278
894 493
624 511
822 728
340 587
9 231
207 709
255 137
876 878
11 582
878 103
781 227
577 533
601 342
700 769
629 959
986 867
817 623
855 482
398 576
880 59
0 369
75 636
64 692
678 572
898 317
115 81
958 345
185 549
802 529
382 773
692 529
176 903
516 722
987 968
160 496
124 600
962 568
948 243
692 306
249 588
772 79
551 511
642 416
419 715
254 842
399 931
798 305
329 176
141 656
759 93
352 171
61 854
97 369
967 933
567 97
66 218
869 815
412 823
966 123
308 366
730 175
900 303
409 67
763 233
103 783
119 372
753 380
359 665
219 927
407 303
491 907
413 683
696 802
320 747
853 328
680 871
186 268
744 220
25 315
472 574
126 195
311 170
855 553
662 205
419 199
248 757
359 942
925 554
291 371
134 559
148 689
58 3
322 604
95 207
161 781
5 460
758 559
476 818
823 204
6 999
789 164
710 234
677 676
952 339
497 439
354 305
438 371
648 199
495 723
246 516
182 372
766 269
930 23
713 113
45 18
658 17
924 579
414 723
274 578
440 490
262 417
121 11
920 371
188 637
691 398
975 286
628 894
702 183
448 191
418 883
820 223
615 489
830 487
99 459
649 404
162 683
14 53
118 129
125 163
547 595
43 280
145 322
805 717
298 652
651 389
324 396
824 791
929 778
790 892
841 96
966 62
297 578
293 304
485 193
226 496
593 836
403 5
525 27
232 655
838 602
527 418
513 615
174 286
747 568
808 431
365 556
694 347
3 924
519 765
522 61
370 334
449 573
864 178
457 479
335 246
102 365
592 724
256 57
618 352
75 176
960 795
497 731
181 953
154 827
720 857
514 553
74 648
385 408
580 515
559 248
950 655
134 807
810 454
938 549
567 681
3 164
962 564
75 234
878 235
555 389
580 919
288 786
110 364
971 498
301 642
694 194
434 462
401 325
153 53
341 888
258 677
256 978
242 439
751 157
150 956
194 21
615 523
896 556
745 261
987 864
789 45
903 698
623 231
676 140
274 388
956 694
862 711
614 100
396 231
191 240
784 258
738 775
317 586
31 467
719 862
951 693
66 88
792 524
408 806
939 270
687 128
123 106
264 149
944 712
684 609
665 990
385 487
953 248
314 455
504 826
149 341
330 557
22 702
476 644
993 903
482 129
309 355
254 609
547 185
4 873
614 136
56 212
524 552
241 362
907 95
687 806
887 868
679 84
23 227
247 285
991 726
925 72
152 12
538 63
796 808
476 19
622 529
633 485
958 489
111 803
266 133
736 315
272 704
875 262
471 492
182 236
142 950
303 512
836 349
546 271
199 702
148 523
432 911
303 758
419 366
470 493
12 173
832 260
45 365
857 832
364 396
276 300
353 829
365 987
94 802
674 630
223 144
90 267
512 470
734 187
766 531
492 486
565 620
426 270
649 359
583 788
569 456
877 914
997 29
123 38
848 159
375 328
744 376
369 585
506 523
554 88
11 308
659 617
354 949
930 172
177 706
431 568
865 131
829 546
949 595
133 150
231 977
388 552
543 330
660 24
634 977
360 544
167 685
328 739
445 661
765 931
280 674
414 383
994 1
785 607
350 164
974 438
288 884
245 83
400 940
512 900
901 669
211 312
38 98
231 478
19 215
718 511
315 299
896 437
591 79
468 927
755 834
643 762
853 946
239 949
670 329
737 849
805 762
639 843
3 262
83 408
633 464
737 676
693 585
873 574
892 616
642 955
193 298
720 934
419 873
604 929
757 597
162 219
143 4
32 550
562 991
490 91
265 602
498 237
875 559
948 806
324 345
608 778
595 328
633 294
287 277
874 492
194 299
568 239
904 992
587 597
592 815
598 653
201 620
758 774
568 235
927 402
53 29
233 798
150 816
698 87
939 65
741 858
249 705
816 599
82 473
339 411
417 595
108 465
299 727
480 453
329 367
860 837
394 928
921 636
198 525
662 555
117 657
439 734
733 689
323 945
410 420
60 949
168 288
680 355
621 770
340 772
442 712
135 26
903 687
356 407
46 453
266 488
407 218
998 421
467 688
448 240
5 196
827 919
978 528
989 992
145 486
358 8
70 547
358 127
984 485
999 452
458 842
770 425
831 415
949 107
518 10
282 392
517 493
323 292
922 248
832 730
325 585
611 828
41 514
339 488
505 151
597 855
807 402
682 426
295 309
553 659
339 315
572 293
320 140
240 113
557 756
286 695
11 726
126 765
200 554
884 999
838 704
42 947
857 991
509 743
509 895
356 778
973 103
419 523
24 604
582 498
742 975
264 618
585 370
748 807
223 455
258 193
835 748
763 477
563 103
120 405
188 297
340 587
625 426
979 527
203 370
10 266
466 375
29 855
682 72
127 85
225 725
884 611
580 944
939 649
545 460
367 462
944 504
157 827
426 200
591 748
35 785
383 654
845 351
143 626
9 813
965 796
130 551
117 152
205 439
774 714
424 411
22 984
4 752
361 6
381 37
973 718
806 246
105 898
289 482
732 671
60 308
97 512
424 83
248 236
706 622
72 661
756 552
625 822
614 563
334 632
862 196
591 497
31 19
908 769
741 470
838 834
782 761
888 76
956 924
10 875
360 240
630 990
888 975
995 124
729 327
543 812
520 835
938 81
729 15
493 464
715 69
785 64
275 841
285 485
604 877
831 737
785 82
339 288
953 452
361 622
521 528
441 399
455 244
393 162
386 523
607 147
527 820
235 876
447 855
660 815
628 91
354 954
74 374
587 136
370 466
335 904
753 273
462 924
96 869
338 137
349 557
575 605
574 128
590 514
806 855
777 261
711 803
9 667
807 859
131 625
360 495
81 871
391 70
308 840
503 16
503 424
566 881
23 155
844 315
511 702
915 774
433 508
634 943
134 327
428 818
373 801
966 949
402 285
190 491
326 71
455 514
573 373
464 618
357 305
668 314
778 740
468 600
334 984
49 716
678 738
270 378
712 362
753 890
544 936
634 14
361 589
484 599
320 603
169 92
133 74
283 993
35 600
428 992
655 500
702 22
821 24
935 572
413 288
109 176
261 707
631 112
280 709
284 339
396 286
860 836
417 667
516 283
165 367
607 770
653 837
416 737
686 925
813 334
490 136
349 980
973 962
721 999
207 876
464 346
956 274
357 293
111 799
171 470
845 731
441 898
142 951
393 673
94 317
578 787
809 846
21 371
934 729
636 726
266 461
934 896
941 812
720 283
306 844
358 181
207 18
310 157
669 941
101 25
713 117
659 216
273 222
474 735
954 253
20 298
958 885
274 648
483 742
961 219
494 108
806 227
791 967
3 87
838 476
841 335
939 999
877 752
339 979
623 221
631 696
669 838
990 920
951 704
26 894
364 25
928 339
138 390
17 862
778 379
294 31
953 525
64 857
730 624
493 58
986 481
815 512
4 191
518 961
850 498
574 479
437 159
715 182
411 936
184 308
224 597
599 996
992 625
651 590
288 11
74 262
684 726
358 960
819 280
418 725
623 980
946 797
896 644
179 521
624 606
697 587
657 937
192 533
139 157
482 2
369 797
510 757
411 682
458 348
495 661
615 376
184 848
515 124
209 945
844 112
899 812
56 193
721 20
946 902
813 158
239 849
499 59
382 184
843 312
677 16
500 75
272 965
36 387
949 88
4 812
147 638
568 414
241 120
236 722
747 4
986 329
414 696
633 280
957 110
247 331
164 392
462 949
914 65
837 345
140 694
685 265
603 944
596 768
751 446
727 630
614 675
591 48
661 217
766 288
135 377
476 552
251 201
650 87
887 600
991 942
971 481
784 642
873 857
946 182
632 966
364 356
367 95
736 120
358 554
376 160
104 326
869 12
598 630
146 774
925 277
7 870
551 516
538 645
575 190
239 700
134 357
592 305
74 819
496 956
222 630
218 676
941 688
415 521
312 58
307 414
935 277
641 237
468 693
477 246
779 515
55 462
270 213
408 760
164 460
444 562
945 57
776 559
145 452
709 468
78 339
154 65
946 428
632 335
990 856
486 184
336 875
173 111
579 204
726 77
728 525
232 421
763 7
69 677
360 238
172 929
444 452
633 94
873 285
928 519
681 767
761 95
555 275
166 5
546 44
0 85
547 891
558 536
55 669
351 154
679 994
583 732
174 250
286 598
848 221
630 803
328 23
403 704
14 807
517 114
304 755
680 699
191 266
69 25
931 133
161 555
425 963
891 593
520 519
371 791
723 248
350 853
48 749
206 814
703 851
502 803
151 868
876 396
314 821
703 746
489 701
143 684
226 213
507 980
741 9
750 548
726 441
419 819
405 588
976 662
426 450
543 693
363 379
854 603
904 986
496 953
13 616
293 752
678 198
340 216
306 602
281 570
350 437
922 559
947 184
499 363
417 688
17 818
114 653
388 781
779 810
77 680
549 146
23 755
130 464
442 723
339 808
458 124
982 488
334 590
813 845
636 130
458 427
259 527
326 660
408 940
705 276
666 636
515 703
881 682
761 48
96 623
988 214
131 455
531 109
764 548
168 215
424 709
136 925
894 192
940 230
632 503
389 930
66 705
188 235
47 168
895 777
578 898
504 385
362 830
736 993
375 605
592 962
697 227
848 754
425 376
336 982
903 128
211 929
809 779
628 955
173 985
441 496
709 310
836 75
658 86
881 991
892 109
593 771
861 77
652 784
501 509
534 512
968 995
320 836
404 318
823 985
831 794
674 609
669 880
932 114
334 217
730 237
750 584
599 924
455 225
922 41
849 378
17 376
217 356
271 48
919 533
281 291
489 446
558 191
957 964
260 728
28 638
919 276
274 489
549 27
290 851
197 761
719 186
94 266
733 184
276 865
77 654
893 580
783 482
777 311
378 46
280 539
327 494
981 587
796 510
376 203
500 862
314 374
987 955
713 578
775 554
460 482
691 52
376 192
445 417
640 140
999 434
3 54
683 823
119 804
207 674
140 360
560 350
612 554
362 255
926 749
637 255
553 40
956 914
206 851
63 815
878 52
545 316
874 589
20 229
802 740
695 576
293 471
353 560
415 457
712 347
753 350
402 834
713 943
677 430
426 514
74 913
319 321
283 72
665 525
213 523
32 118
785 437
598 154
677 503
71 305
744 116
453 121
546 152
72 234
113 402
434 375
880 731
752 407
10 185
932 336
564 245
623 984
577 685
293 799
191 327
729 972
678 940
31 58
145 980
704 374
701 139
560 920
686 919
771 844
345 933
430 428
84 960
683 179
514 949
84 817
347 853
672 174
215 664
611 845
107 922
503 407
44 773
465 184
625 859
63 458
941 150
501 331
649 559
142 966
352 463
504 252
412 44
744 828
383 315
692 526
476 903
888 304
187 148
32 763
947 547
309 389
833 242
707 355
743 566
758 595
897 648
452 412
584 649
278 650
849 811
632 930
704 694
888 998
101 844
131 333
49 618
763 906
650 507
853 543
474 930
726 79
990 987
222 853
490 535
108 172
946 115
889 739
291 772
113 164
455 121
60 802
24 220
348 901
428 118
438 252
350 574
770 805
869 22
640 203
430 787
744 645
269 31
908 855
857 28
290 824
245 478
736 143
226 374
868 2
338 7
252 220
991 439
31 458
586 276
583 411
304 792
734 938
343 154
581 161
118 938
492 44
170 769
803 206
189 419
471 548
800 162
809 669
881 168
888 842
976 664
902 112
684 610
480 686
747 458
711 229
702 291
476 460
650 109
665 645
843 415
626 184
379 779
466 889
649 158
529 840
756 248
779 254
926 110
740 495
718 273
232 24
461 834
831 69
106 229
373 391
34 927
816 481
599 414
434 102
977 84
863 985
514 518
80 137
258 143
846 374
211 316
474 4
327 76
808 259
878 798
324 536
44 591
469 68
655 158
415 567
806 846
709 977
828 680
610 877
780 193
440 378
439 519
730 119
425 540
980 930
889 181
50 605
7 698
830 733
640 57
595 665
108 345
39 51
289 816
253 878
624 9
648 213
165 86
980 251
261 694
37 501
768 348
931 152
549 44
6 384
253 489
859 118
359 264
665 485
523 939
709 617
842 763
401 644
530 469
147 558
528 335
489 249
118 48
3 183
44 89
665 448
306 204
899 243
772 95
104 520
942 93
829 896
991 786
255 946
226 456
580 203
686 826
780 697
80 421
333 356
615 790
795 722
381 372
463 989
333 875
886 675
503 874
435 65
385 538
663 188
312 347
355 391
212 204
432 466
689 111
86 13
337 799
817 249
383 478
338 55
663 696
218 55
122 358
193 999
629 503
676 694
216 73
860 148
812 840
731 104
102 937
914 933
792 278
222 650
135 695
121 749
271 40
965 171
642 260
867 158
647 966
570 628
247 760
147 592
124 267
480 95
394 9
741 969
87 274
47 1
871 977
128 275
807 490
349 345
387 578
95 483
932 419
437 873
177 155
267 53
262 912
372 666
930 858
354 3
546 676
334 345
643 56
91 701
5 303
557 678
450 626
119 584
54 385
162 34
521 53
377 97
560 643
9 126
713 439
910 192
93 522
433 0
584 562
942 120
203 725
873 558
859 322
592 539
802 44
196 618
580 579
713 935
564 521
949 942
252 270
893 533
244 128
59 63
361 866
788 838
983 0
326 68
1 228
262 638
765 920
887 398
597 457
911 379
760 173
355 55
703 185
819 653
442 888
233 909
611 116
570 597
723 738
87 5
945 126
261 671
593 498
496 714
625 972
974 954
662 803
360 877
637 885
268 636
357 345
53 820
690 403
556 984
397 722
264 677
702 586
168 753
364 478
818 841
27 326
644 246
580 400
631 227
738 582
955 14
816 556
701 72
977 357
334 467
695 809
277 719
517 309
197 689
376 903
793 248
576 803
819 309
44 111
420 310
307 600
613 903
815 151
92 167
36 980
475 978
391 397
275 104
689 635
798 233
587 521
777 139
539 161
624 946
316 117
507 274
452 783
486 956
702 742
183 35
624 453
512 114
272 170
357 643
703 760
223 478
943 313
447 717
769 523
582 161
615 541
49 106
552 335
818 879
138 604
209 160
665 885
66 885
421 42
263 150
666 255
974 253
186 122
198 627
613 621
787 494
200 876
321 580
891 340
12 870
581 965
350 972
610 134
746 737
780 924
574 387
703 982
605 585
662 640
866 449
940 370
417 701
53 77
479 657
619 545
842 572
612 838
442 905
288 69
271 113
232 553
189 734
530 784
554 478
777 384
960 90
97 16
365 490
697 356
567 416
225 644
454 765
963 826
466 331
910 710
827 345
325 343
208 236
758 112
135 808
6 949
674 643
57 681
451 546
568 590
22 427
4 351
357 341
846 941
913 48
33 452
171 685
39 282
35 953
791 12
560 532
584 852
774 840
960 250
94 144
878 646
887 358
133 40
34 729
345 748
859 498
732 421
571 65
665 909
403 681
618 622
19 308
765 72
440 564
9 879
747 336
318 104
934 575
523 873
891 995
585 810
693 501
212 308
719 594
737 116
747 935
563 987
586 790
816 813
906 484
433 797
799 798
486 601
32 656
391 735
586 9
480 228
306 958
148 636
603 778
178 372
207 415
453 975
90 620
165 264
554 107
723 957
755 950
753 325
120 85
72 126
236 502
267 901
350 409
409 275
402 895
152 120
555 255
157 430
159 620
824 997
380 479
179 694
366 372
491 135
378 283
384 738
764 950
151 810
733 34
46 611
585 436
727 788
60 225
254 508
573 345
660 998
138 762
382 699
387 989
448 723
523 566
523 647
120 965
782 262
52 748
536 921
916 885
531 141
501 730
356 61
207 760
711 530
818 776
24 816
861 235
788 101
421 914
750 297
882 600
917 453
966 628
475 921
886 630
392 238
419 813
101 797
114 283
764 202
207 54
260 816
585 348
27 890
246 146
716 100
143 993
553 700
935 358
634 992
5 372
562 276
696 655
786 840
306 80
615 812
477 792
887 281
435 763
57 526
354 963
594 659
835 526
124 334
363 781
713 695
43 89
165 794
714 676
746 473
379 297
372 467
641 450
164 461
638 44
123 212
179 449
716 780
570 369
4 511
623 182
453 973
549 323
341 357
149 775
598 822
376 676
191 820
374 935
40 954
799 628
995 552
143 31
493 689
223 896
707 444
798 484
258 221
79 309
855 416
803 590
757 417
255 628
412 818
824 452
798 946
219 501
174 278
937 666
498 751
791 191
935 249
180 364
195 747
636 723
269 831
258 938
833 167
938 222
367 690
323 748
923 386
20 237
160 547
286 717
582 747
398 712
82 456
246 578
956 410
665 985
956 335
213 66
278 396
918 284
405 95
196 380
331 262
222 902
157 739
904 414
213 471
648 952
50 87
159 370
451 160
826 227
488 835
576 944
817 581
94 523
712 85
6 264
817 322
863 550
922 825
5 702
389 184
705 116
538 554
163 631
521 119
211 414
678 887
544 664
997 28
568 768
877 897
718 708
929 330
577 64
561 241
816 628
759 802
660 679
565 772
262 550
117 149
48 12
368 544
16 136
703 85
614 406
896 478
182 971
888 930
713 993
775 328
886 218
450 49
166 212
481 177
789 306
896 492
436 803
395 314
708 626
27 998
669 705
453 441
892 10
858 101
315 91
345 513
218 133
623 57
227 18
617 342
683 792
625 953
629 902
948 663
192 906
452 642
385 741
705 285
467 44
338 889
42 444
169 176
488 64
909 757
735 738
65 918
645 772
481 512
397 145
797 470
801 302
750 853
157 742
94 326
352 718
132 872
852 646
36 18
220 176
758 947
981 305
581 774
533 265
919 653
128 929
412 120
698 223
135 450
671 801
617 913
837 380
269 576
611 975
703 826
563 313
14 973
506 756
312 441
177 596
733 412
180 704
459 803
111 20
528 687
209 944
7 921
464 249
497 323
884 618
516 917
136 471
474 449
218 133
712 419
4 129
919 208
139 100
248 915
381 311
743 390
40 577
234 427
581 410
659 142
355 371
73 734
199 981
597 49
257 562
512 313
915 35
914 807
106 415
277 186
279 341
368 756
567 983
415 658
38 339
904 301
899 919
585 602
357 848
28 170
427 590
644 822
32 272
562 820
941 727
952 639
441 650
670 853
852 846
499 826
161 311
755 820
761 632
687 748
692 19
635 432
723 741
168 47
993 585
114 226
304 143
403 715
15 985
806 349
545 186
944 536
161 939
609 279
785 380
33 72
922 531
341 391
430 652
496 631
873 85
846 847
534 724
716 612
774 127
395 248
955 960
540 479
811 587
629 122
287 374
249 299
739 164
958 987
960 413
272 995
541 966
931 421
325 608
614 126
793 80
402 626
470 370
561 244
617 26
884 17
279 321
925 760
817 209
515 368
205 190
900 349
352 376
757 345
415 401
548 467
4 215
735 415
701 902
69 874
569 509
529 784
500 564
848 915
370 695
640 578
152 353
728 676
974 385
263 71
544 817
12 714
148 857
796 907
158 711
491 837
310 432
881 602
44 624
846 913
714 834
976 140
143 300
584 721
555 675
318 403
726 590
489 460
4 409
760 657
171 793
46 986
237 822
776 325
80 282
306 534
619 517
176 804
148 658
153 850
260 50
813 569
419 875
279 871
432 612
733 983
649 992
924 389
209 68
929 531
591 471
762 708
443 629
459 12
43 840
573 843
556 963
152 965
677 676
961 287
340 62
815 279
604 64
312 800
998 710
584 521
788 42
801 889
37 334
750 762
794 560
121 911
631 666
109 603
597 182
549 943
997 451
883 695
39 62
813 193
832 231
810 867
594 950
691 753
973 251
732 128
203 760
1 538
338 163
14 230
50 835
110 107
678 702
613 737
559 660
313 148
900 268
27 493
878 722
388 415
776 313
890 363
244 154
90 185
784 305
431 116
999 9
432 176
771 956
48 362
96 848
111 836
485 761
590 611
220 919
440 23
593 324
707 535
879 228
326 647
989 633
461 951
151 538
567 1
753 800
833 758
766 221
971 813
303 761
200 1
952 10
147 342
636 735
204 568
112 337
170 504
709 247
59 956
511 748
415 50
267 55
211 425
677 47
681 572
103 113
772 627
677 128
97 303
117 183
337 938
309 549
131 761
453 238
566 528
251 322
780 464
189 805
930 319
512 402
581 436
831 213
838 61
600 867
478 423
377 480
973 121
368 413
283 630
368 507
25 69
190 441
762 166
387 981
212 516
349 611
11 625
477 48
244 186
317 209
246 425
899 181
900 529
598 995
455 745
842 321
177 904
894 819
493 225
762 492
322 531
317 756
150 552
941 727
775 712
24 845
125 969
183 851
595 365
611 909
348 697
751 318
834 373
725 606
393 44
797 902
923 866
799 555
356 397
817 821
910 17
117 739
631 348
562 901
374 267
859 254
372 759
476 948
983 304
224 996
658 380
928 767
664 851
390 355
832 914
807 15
322 755
151 912
0 693
799 833
712 509
433 602
965 465
972 423
685 373
979 651
197 780
719 706
800 908
525 680
631 174
147 401
162 432
195 286
604 281
538 344
245 889
26 141
546 730
963 996
63 247
225 366
684 736
319 539
861 87
937 958
971 410
15 247
552 101
133 411
624 219
223 201
234 801
930 915
430 591
614 383
777 860
112 769
900 77
371 160
883 801
414 554
609 924
153 892
96 142
121 1
206 767
459 670
707 362
477 520
983 371
8 283
424 462
58 49
169 14
447 411
519 134
744 814
581 559
268 989
615 983
642 358
827 450
673 252
179 136
535 361
239 699
533 750
360 755
651 928
448 727
640 168
172 210
666 296
107 536
596 109
992 268
662 901
787 744
389 150
295 663
963 841
68 418
777 833
972 725
881 804
739 661
673 613
783 217
953 187
111 850
254 585
88 425
487 171
371 555
100 978
634 595
942 468
689 476
737 139
801 281
255 888
47 60
990 108
452 63
145 203
606 970
389 941
171 273
561 170
325 97
41 89
257 816
812 174
786 822
776 766
330 947
368 272
897 46
732 921
374 280
470 148
338 227
181 980
468 682
138 544
119 270
920 26
63 281
881 803
90 627
67 639
812 223
785 424
19 410
613 962
545 743
476 242
952 433
882 747
888 854
764 23
811 605
309 7
721 492
280 39
687 520
796 449
875 545
941 180
331 985
231 481
779 514
974 817
116 433
817 862
42 539
765 597
238 538
469 757
338 35
270 911
604 88
545 705
401 797
954 409
427 281
622 74
965 83
569 910
867 414
717 841
14 699
718 189
741 610
891 975
479 116
575 214
125 391
909 915
493 943
634 761
593 758
4 130
821 688
441 444
399 381
202 311
914 163
694 283
386 104
499 322
36 41
295 271
278 506
589 338
921 211
930 914
751 346
559 517
879 27
954 607
710 569
933 820
871 791
128 892
35 80
233 978
92 103
498 320
507 964
187 835
385 876
278 783
339 924
722 703
494 921
983 59
754 726
865 526
292 43
511 466
547 679
458 547
939 474
851 469
408 634
773 210
786 768
802 524
231 133
530 19
455 94
13 796
569 337
50 63
970 811
672 211
349 224
865 184
790 86
175 632
705 791
686 2
592 665
298 85
425 699
889 638
181 6
248 30
261 6
948 595
744 611
399 690
687 600
923 829
345 175
794 806
346 279
275 16
814 12
9 854
828 442
773 396
245 573
196 134
852 951
4 344
727 503
640 834
820 18
394 16
703 217
936 964
727 623
231 592
137 341
484 492
267 948
466 400
779 415
677 7
856 386
13 696
662 890
118 786
367 227
940 611
261 176
156 117
740 819
222 373
4 545
983 394
388 24
378 415
890 511
134 340
495 227
995 151
31 658
878 595
550 942
196 954
990 384
811 117
5 373
516 468
563 506
797 580
226 551
739 212
686 627
484 475
755 981
395 91
638 169
412 522
628 71
583 987
126 196
977 144
518 435
86 401
404 396
348 142
377 655
32 52
252 382
971 744
434 156
655 78
72 197
844 860
477 331
240 192
243 930
994 946
892 817
535 511
960 869
374 596
732 404
830 299
751 667
447 997
975 420
13 44
105 360
217 684
716 77
635 757
486 404
642 879
249 754
379 387
70 968
496 386
921 753
503 829
132 191
12 143
638 411
665 11
500 87
25 373
87 698
708 144
94 695
460 164
122 914
95 209
727 585
501 164
499 610
33 853
199 366
245 291
818 698
909 165
589 846
246 598
913 165
152 515
589 975
829 476
355 494
518 308
754 635
315 815
718 972
567 888
579 733
871 124
697 463
503 702
73 249
277 880
814 202
593 986
383 265
897 50
841 449
660 105
665 428
508 86
526 474
150 153
933 22
830 830
334 213
747 675
476 20
17 280
618 446
382 867
529 679
84 644
542 687
581 204
40 158
717 653
551 184
17 157
832 166
893 741
445 969
187 784
233 891
960 899
465 444
440 696
406 829
914 78
479 525
566 512
268 838
506 104
373 699
652 544
48 776
354 805
978 438
653 289
85 306
916 899
407 536
853 53
731 73
238 858
297 510
818 930
208 408
415 467
20 70
467 365
51 386
239 307
665 9
492 809
339 52
506 710
848 815
168 111
148 966
29 333
662 623
869 893
401 632
103 531
456 910
891 490
962 159
193 657
134 141
604 709
960 167
46 687
296 893
653 882
564 160
563 164
436 971
171 710
195 362
567 74
293 510
79 912
844 546
420 605
533 54
274 144
359 301
83 10
83 117
49 690
351 266
172 434
317 327
89 289
657 866
971 302
143 787
35 22
450 585
459 106
714 929
497 216
773 660
871 284
270 763
918 986
586 49
203 619
375 862
610 10
223 948
975 58
251 0
652 62
59 430
915 556
801 569
757 782
285 862
876 775
347 380
835 151
337 994
29 771
996 556
346 284
554 780
846 18
411 297
860 676
841 775
313 503
798 594
946 513
140 968
839 769
127 939
417 581
751 199
262 222
962 678
126 668
702 805
14 18
764 275
761 694
952 614
478 551
173 913
85 819
701 134
35 388
654 308
726 111
193 597
130 489
459 767
761 957
430 429
457 822
930 713
103 414
637 784
777 801
706 130
889 617
997 372
790 238
373 476
917 434
178 200
412 822
109 100
999 484
31 126
188 211
74 143
32 376
691 313
276 592
257 471
435 678
968 942
434 626
782 334
378 441
710 76
370 19
931 360
468 861
460 453
402 323
198 722
426 970
239 837
933 319
574 303
909 992
241 664
572 253
646 383
650 913
715 189
398 283
265 327
509 292
562 127
353 860
779 342
856 534
757 16
782 852
358 915
37 824
964 285
88 665
338 530
471 190
163 727
917 530
802 646
661 316
668 590
315 241
334 509
359 768
632 885
667 186
139 145
366 909
574 291
514 940
140 163
151 780
58 758
282 212
460 88
433 10
583 711
389 30
505 542
730 990
565 154
274 942
770 621
877 809
155 60
85 240
337 783
766 6
61 741
859 878
10 898
259 505
182 262
99 912
201 98
325 986
687 673
637 690
544 649
84 409
86 654
862 379
798 329
550 944
671 594
666 602
256 151
633 486
566 879
952 873
307 623
148 72
42 264
665 940
991 756
777 104
452 579
481 776
509 590
141 936
997 663
284 342
970 379
534 541
67 565
730 703
625 313
163 694
675 713
138 191
596 839
416 891
864 608
786 11
260 361
231 552
434 625
109 733
76 859
975 193
864 806
915 156
513 562
527 278
486 482
420 294
428 168
923 678
455 577
516 777
453 759
718 733
339 573
864 995
130 570
958 439
345 37
560 750
38 833
932 692
694 525
947 296
809 291
512 732
340 50
693 716
886 155
56 618
796 965
227 636
864 117
737 75
835 77
292 96
67 935
868 493
904 823
666 518
545 243
234 2
196 207
519 74
306 617
776 716
896 14
296 612
322 375
243 712
418 163
701 87
462 442
597 533
56 492
70 893
422 268
398 924
898 244
999 933
876 158
690 415
891 340
940 879
652 44
113 531
721 996
621 469
26 222
146 600
400 24
531 666
454 778
654 157
795 405
648 395
130 245
459 662
83 2
819 570
194 521
182 408
852 978
449 959
746 150
71 881
831 278
356 559
915 531
768 106
578 821
568 568
471 178
758 454
465 566
392 800
336 545
390 738
241 938
949 746
836 134
264 757
935 716
23 914
715 208
296 607
84 578
441 86
166 914
407 491
411 483
72 933
794 649
341 342
33 688
140 249
75 666
618 951
828 453
718 470
265 943
648 271
212 46
120 42
245 217
691 640
221 100
375 461
124 436
272 344
994 840
388 552
67 503
808 885
347 612
710 103
568 355
662 479
143 391
265 553
231 793
340 570
890 455
145 820
714 423
490 555
720 798
159 683
207 57
879 160
551 727
674 522
278 345
309 787
361 935
735 326
80 281
8 77
919 686
370 119
488 484
351 836
534 429
986 214
45 27
522 479
533 208
608 193
262 180
913 574
341 867
335 516
252 802
571 44
575 14
13 968
259 850
524 367
873 323
856 598
280 577
636 572
649 868
642 770
380 448
751 221
863 639
141 401
39 802
695 748
495 28
551 653
381 66
436 599
292 427
751 46
524 328
644 860
998 327
93 688
643 658
562 764
45 463
405 521
437 548
2 497
202 898
4 681
59 626
603 713
796 920
497 329
573 19
723 834
217 5
61 783
9 238
798 430
712 151
691 582
106 629
247 798
93 21
600 800
714 30
901 752
773 63
995 477
87 638
511 219
149 762
966 211
721 54
672 768
894 347
658 62
634 416
227 568
916 993
711 454
772 225
959 322
26 37
297 741
726 206
667 451
903 10
451 552
287 520
50 373
667 511
768 99
241 450
929 739
250 545
532 111
102 471
900 849
63 756
943 758
694 926
659 638
730 585
537 754
839 272
210 194
282 886
111 331
435 566
941 34
723 875
980 864
461 357
208 929
297 569
432 794
387 923
12 487
682 387
68 318
645 673
212 619
304 278
403 537
700 888
51 498
100 226
91 771
171 886
535 423
444 744
137 263
561 696
713 362
997 723
112 727
301 711
946 84
208 753
34 113
600 845
919 246
345 329
764 310
526 295
334 927
75 725
478 895
548 642
902 717
365 831
137 656
315 311
162 928
863 916
398 359
155 232
942 268
501 990
645 972
120 11
192 869
426 291
579 72
233 756
256 594
158 41
954 136
723 332
864 716
120 996
996 648
337 430
963 502
900 763
472 25
263 158
177 108
174 320
723 405
426 458
762 158
317 182
328 832
969 747
110 747
768 851
816 55
838 354
107 912
299 709
162 258
854 149
942 217
243 207
420 50
580 137
136 996
189 978
55 405
537 391
826 90
59 910
590 815
255 745
992 487
230 312
991 697
504 115
186 375
932 355
488 348
267 460
518 97
147 218
170 60
255 4
543 861
300 617
226 950
950 77
424 991
280 640
226 20
19 892
289 131
950 458
756 301
403 927
681 953
99 328
407 679
463 87
689 208
319 696
407 415
520 981
815 588
350 617
329 357
170 733
487 481
948 542
667 795
705 79
755 687
423 128
944 924
150 395
797 358
585 742
778 423
514 162
23 809
723 127
838 74
72 570
161 869
203 572
203 129
15 480
67 552
510 288
354 278
190 13
622 964
310 41
295 176
878 250
750 803
116 158
998 774
675 62
706 154
670 760
766 107
443 285
650 560
362 787
433 929
964 952
296 509
857 780
217 239
665 497
119 93
708 978
956 981
734 845
127 444
426 430
625 501
143 66
358 722
808 309
392 657
76 328
743 366
614 658
750 617
984 226
279 228
984 206
238 812
605 507
970 953
426 946
80 843
376 571
114 539
131 993
477 387
43 530
184 915
154 953
784 705
37 313
248 276
908 584
774 445
523 229
153 67
115 136
774 354
507 853
50 334
895 837
642 802
251 441
30 607
745 803
700 123
710 115
728 448
611 690
929 406
350 687
903 687
833 836
793 68
570 516
795 785
306 675
660 385
370 474
93 151
222 69
805 659
813 851
690 110
769 825
843 402
153 324
761 832
590 985
547 823
195 90
640 870
757 520
230 62
786 952
722 991
846 467
129 38
896 69
451 839
787 266
175 397
256 240
641 627
593 677
393 494
737 238
453 385
407 312
686 316
552 543
656 146
924 49
666 558
993 46
526 954
668 367
59 3
831 447
901 332
12 514
798 613
359 609
990 47
801 783
478 263
137 860
403 645
381 187
629 561
774 857
447 545
105 357
505 624
434 447
520 862
380 38
536 16
91 241
80 860
178 441
131 556
959 346
687 596
20 549
630 1
274 371
530 977
438 88
670 585
773 1
287 118
364 643
73 923
471 778
374 612
651 610
161 477
624 334
881 219
438 411
145 316
600 575
252 901
238 996
277 288
84 811
805 336
920 158
990 515
417 351
804 394
243 534
164 224
471 443
932 221
814 72
633 934
190 50
816 618
878 500
492 955
147 272
742 247
589 491
947 827
844 940
719 491
444 297
927 544
751 93
500 358
409 18
811 129
959 903
90 476
257 854
709 925
79 317
902 968
647 174
27 734
340 965
482 106
914 158
655 337
846 9
422 59
291 419
579 290
359 74
734 206
164 4
685 58
946 973
706 159
161 459
932 74
356 487
121 349
314 947
976 727
623 298
844 48
767 977
821 710
514 344
289 485
146 148
696 238
865 780
973 631
608 942
544 499
154 934
424 405
24 626
134 742
541 61
988 737
697 622
957 136
259 540
806 5
536 888
738 30
160 279
115 397
335 163
644 3
153 661
916 329
463 809
652 115
678 869
818 505
862 39
382 611
432 843
905 305
705 790
478 492
875 521
505 629
939 197
516 63
741 224
928 603
259 202
664 97
661 295
152 749
506 216
717 77
300 544
151 62
234 944
881 334
183 783
730 74
135 282
827 516
898 724
368 136
409 650
4 339
582 142
580 985
288 405
406 794
427 71
667 600
422 227
527 983
198 708
970 961
952 500
406 269
868 28
712 923
765 757
380 679
300 782
162 200
821 354
661 580
313 285
129 210
954 107
844 347
45 709
485 301
602 433
753 758
295 420
213 785
50 807
902 856
837 604
44 263
444 115
757 345
890 757
774 121
257 364
739 494
217 445
760 276
487 163
744 659
519 257
626 590
949 508
844 139
860 691
704 802
457 956
435 907
258 492
356 552
960 194
442 964
404 744
702 183
190 135
367 272
520 918
284 678
273 144
964 898
853 543
449 564
74 424
651 224
165 37
961 661
451 632
555 298
108 883
963 605
473 721
649 754
430 64
669 884
723 550
696 131
380 157
67 602
584 885
561 555
135 108
521 402
477 660
803 67
307 729
555 536
140 157
915 259
157 18
467 468
190 628
956 464
733 552
923 159
10 373
433 920
156 830
478 267
314 976
805 842
895 950
939 493
396 855
345 49
593 977
466 884
727 12
886 351
972 69
436 456
977 333
790 723
272 782
814 365
455 514
783 245
946 607
462 888
461 715
511 151
566 344
748 558
633 356
840 507
109 647
530 585
828 98
205 849
776 905
324 428
624 156
235 463
938 880
160 908
746 108
401 521
265 131
815 55
689 174
159 536
220 579
466 118
725 822
658 221
598 378
37 220
960 307
422 149
545 51
726 430
120 288
290 43
644 487
214 602
914 7
55 803
109 948
118 954
232 406
25 298
783 429
107 816
940 612
4 657
53 463
19 193
306 450
879 41
236 991
989 868
881 91
164 726
252 950
460 346
418 462
781 222
863 47
92 285
703 873
480 681
753 181
803 898
149 645
852 152
309 431
753 769
90 102
329 495
478 678
432 401
718 26
355 356
243 211
51 590
766 831
792 911
416 347
786 509
772 166
940 706
836 348
405 156
304 892
291 89
557 951
124 820
329 21
119 129
149 214
621 952
252 377
774 169
592 13
717 589
660 777
541 717
91 706
941 370
247 521
494 312
902 614
486 871
191 5
197 215
354 723
29 967
398 741
127 562
732 525
247 904
872 547
873 132
968 572
853 319
316 169
430 8
581 174
153 725
723 421
505 315
687 766
375 943
391 350
774 39
736 706
797 175
533 510
413 931
141 94
970 998
595 639
175 821
959 259
506 444
154 784
310 738
678 572
447 699
908 663
553 690
143 157
537 929
806 7
277 607
119 132
591 148
239 505
924 436
78 954
627 781
319 27
377 167
117 569
266 416
856 150
882 561
575 484
673 136
200 609
932 722
755 315
600 685
220 729
666 823
431 526
474 887
390 419
814 886
790 295
51 817
520 117
6 854
579 179
600 945
894 130
808 562
507 623
394 452
976 397
501 804
823 220
19 708
613 458
785 891
727 828
974 291
280 578
145 351
375 116
195 807
509 109
579 153
989 451
320 158
468 511
209 486
616 383
304 808
501 125
646 403
682 708
336 642
715 247
990 871
599 246
148 799
489 85
298 845
740 571
582 814
975 196
705 849
432 475
703 489
924 216
704 80
421 786
171 889
229 761
59 538
463 602
137 285
685 704
960 737
523 499
768 178
58 728
691 209
465 301
451 201
590 87
572 120
243 170
582 997
187 564
722 908
99 926
701 716
445 544
563 426
784 760
139 691
28 263
1 347
665 880
553 845
951 670
510 109
655 553
250 834
441 940
112 138
615 126
701 945
310 194
541 954
453 38
778 320
638 637
743 937
530 785
259 544
329 417
233 821
887 466
981 339
666 493
352 255
447 469
316 448
564 107
403 430
272 40
265 643
519 30
731 169
66 115
271 487
467 699
715 116
414 329
721 406
386 938
0 46
719 327
454 228
930 61
393 91
516 546
565 433
545 941
863 198
115 51
809 934
527 842
334 20
103 187
901 556
455 881
474 181
603 409
391 282
589 453
995 380
829 816
25 958
936 680
345 492
683 579
755 360
225 312
727 922
728 68
770 620
922 661
811 647
575 78
188 334
40 727
284 941
518 240
297 301
9 866
850 183
453 914
731 770
718 843
98 347
964 790
542 568
73 481
815 833
432 626
96 779
416 54
249 106
605 931
17 59
296 390
233 323
940 25
716 311
426 61
354 842
183 456
884 516
440 202
362 869
200 522
95 422
512 256
14 111
333 223
462 219
208 913
289 373
86 758
882 949
800 403
285 98
197 211
968 246
626 933
327 321
756 17
830 898
917 336
439 401
82 327
259 602
885 831
133 239
534 341
754 30
380 833
37 425
146 517
175 712
932 60
499 375
40 732
152 245
634 905
623 307
800 552
612 188
588 413
162 439
760 897
631 374
499 491
935 563
522 690
644 894
618 660
58 789
33 486
529 561
732 857
731 168
131 509
918 708
161 237
28 680
776 710
805 18
921 853
878 498
208 420
835 45
22 417
616 390
161 572
765 466
134 234
256 646
303 98
556 368
391 156
918 638
681 305
113 438
537 523
800 332
842 209
640 697
439 791
656 278
285 976
713 301
565 169
287 192
288 388
482 289
611 21
134 325
961 813
501 118
184 480
463 971
243 845
392 478
911 938
480 770
874 529
632 414
805 131
247 235
146 551
516 982
264 62
502 298
995 215
935 893
921 962
264 397
112 555
590 263
66 877
66 964
362 401
854 953
745 714
674 169
49 749
911 993
235 786
387 455
947 161
739 64
841 796
599 109
611 615
822 857
117 822
275 650
155 52
615 985
757 155
998 656
897 804
318 711
439 996
649 626
405 674
611 859
931 425
951 511
49 870
181 8
76 936
22 959
935 550
248 531
750 441
436 242
206 384
685 523
825 762
83 446
341 532
805 313
60 982
662 167
798 4
798 527
10 126
849 287
508 556
724 866
408 386
403 309
644 972
960 770
636 958
983 79
231 667
493 335
183 400
118 530
126 539
877 523
108 45
758 910
876 682
967 740
598 649
630 620
24 788
76 648
677 174
599 417
847 419
181 944
913 273
220 834
101 129
270 791
77 290
338 696
37 994
814 914
373 537
792 435
516 413
924 664
711 20
248 345
210 441
323 513
605 766
787 413
816 274
182 377
57 455
25 385
954 418
852 627
840 128
270 879
805 658
372 991
991 973
261 553
42 1
786 254
512 211
849 342
33 384
488 882
869 633
534 854
302 926
445 905
867 736
588 922
463 920
977 961
33 101
580 887
316 453
646 522
510 748
320 97
749 818
352 713
421 468
30 298
863 161
990 617
476 63
102 458
431 761
734 977
112 80
839 758
484 652
660 427
538 772
933 434
585 417
107 952
156 412
982 809
512 319
57 382
484 759
367 562
551 460
7 756
64 618
803 49
798 927
591 26
800 961
372 502
439 211
20 580
959 724
583 407
508 53
828 749
130 5
404 86
564 75
777 38
454 830
940 319
671 252
35 414
901 806
249 303
812 380
735 272
42 786
928 168
497 742
651 290
712 933
641 978
267 298
246 274
750 842
285 777
473 678
396 625
925 486
935 99
261 319
488 297
159 801
500 624
506 623
832 73
730 411
994 98
310 365
716 437
459 744
620 332
377 66
839 376
507 30
699 677
164 680
516 939
941 52
542 388
139 43
433 293
237 899
203 706
635 857
279 915
682 78
59 245
580 332
671 390
148 91
177 633
407 860
126 610
838 368
627 46
584 278
473 170
620 681
967 799
484 802
721 303
862 206
367 839
676 574
240 88
275 543
21 987
296 758
202 657
470 82
335 916
461 69
437 526
940 392
323 4
703 371
200 918
363 382
795 406
606 134
855 386
85 183
954 864
989 578
540 341
370 732
781 25
726 67
655 971
9 518
355 493
614 176
879 923
7 0
477 182
863 584
31 447
837 639
990 986
336 69
561 321
62 787
610 473
583 709
581 205
78 477
979 46
535 565
339 644
147 433
103 739
617 294
596 84
744 99
475 167
111 43
796 258
413 699
835 25
932 998
939 802
847 499
750 75
277 871
782 603
646 517
510 449
298 479
642 869
737 959
5 329
949 630
866 868
915 328
306 19
289 603
467 740
801 154
817 560
115 138
294 116
322 912
86 85
252 564
278 709
645 639
634 46
557 580
61 554
773 294
939 277
890 30
787 80
976 607
248 890
215 673
967 540
835 469
954 178
453 859
707 561
895 374
476 665
997 825
939 33
87 753
316 802
211 302
966 273
55 414
263 612
868 968
539 367
222 306
408 107
232 568
685 69
628 178
265 671
688 312
407 293
492 860
679 53
320 812
208 428
955 979
138 145
670 204
912 161
798 866
42 318
224 318
601 340
983 309
467 858
378 829
118 433
729 437
273 853
813 694
134 916
327 674
660 295
88 360
521 157
256 112
973 951
179 41
409 539
797 676
886 96
542 909
171 362
593 542
822 555
62 904
587 7
496 207
962 890
856 208
123 352
0 10
349 248
620 902
419 838
770 156
720 491
394 835
658 148
241 789
825 860
104 213
683 471
425 710
848 756
641 137
848 549
673 58
221 694
950 392
819 960
209 671
427 33
673 156
631 394
692 620
704 301
893 337
147 344
471 666
498 66
767 926
190 841
943 893
82 670
487 11
107 494
670 10
724 213
639 115
39 569
687 624
701 544
146 617
718 832
701 265
483 353
454 764
920 456
167 943
632 667
986 524
809 500
287 697
911 956
368 180
604 597
925 813
45 195
899 312
256 840
56 941
585 204
994 382
755 150
605 316
99 561
267 94
905 885
157 80
912 528
728 308
437 865
179 639
220 649
597 674
29 831
891 404
438 503
855 208
122 686
940 928
847 780
110 110
541 670
390 515
298 870
307 134
595 442
324 330
973 447
362 932
122 183
83 976
926 942
889 47
97 84
169 215
831 784
63 663
651 482
894 133
899 851
301 959
556 4
709 906
717 791
688 234
954 229
36 646
999 77
188 183
796 958
903 197
696 73
761 942
662 70
648 60
997 474
314 658
451 26
274 811
145 750
657 374
457 269
897 26
99 360
212 602
808 390
931 606
70 508
514 166
706 622
673 378
508 183
46 91
980 41
766 336
938 33
290 318
955 674
326 904
392 12
565 294
208 185
728 181
445 876
861 435
628 582
52 437
526 582
133 87
452 340
413 903
407 91
16 558
165 849
176 284
880 220
227 71
672 842
803 328
369 405
582 530
783 681
670 551
541 747
523 809
14 617
988 538
746 208
373 25
898 165
555 386
151 180
66 408
933 254
527 937
349 763
978 454
991 524
522 45
502 811
765 926
494 641
919 862
449 748
495 379
774 219
378 709
371 816
767 813
161 833
505 869
646 242
411 860
337 570
149 804
621 672
957 697
432 123
553 808
174 907
945 849
398 895
545 3
414 932
316 915
810 894
372 952
16 246
366 934
303 137
771 750
590 352
952 102
241 305
879 418
821 866
966 910
893 101
438 126
565 452
502 373
84 698
485 343
879 500
175 395
927 386
655 80
436 214
882 706
332 968
468 865
364 91
980 55
439 184
666 452
636 389
209 272
401 577
504 348
902 318
850 181
877 804
189 885
197 902
456 856
189 779
749 249
877 396
318 455
929 445
571 879
591 9
890 111
607 366
640 667
418 194
179 200
787 433
890 827
763 964
524 269
705 328
261 318
501 848
487 770
381 143
789 500
889 510
259 854
113 446
617 98
439 203
150 480
455 766
298 197
955 725
715 4
698 800
609 916
264 435
157 981
961 139
508 47
687 703
857 170
788 565
352 188
505 317
824 834
300 694
976 382
880 547
506 361
222 882
916 166
170 825
371 939
161 493
34 596
405 912
497 262
835 270
65 173
948 485
179 114
911 462
696 668
648 108
835 577
177 520
35 866
982 990
189 241
639 48
574 391
503 774
333 822
10 294
447 272
523 133
172 571
450 330
263 81
125 299
516 200
878 335
89 906
570 223
559 242
177 401
498 220
569 3
347 295
885 729
799 931
107 275
656 89
739 773
41 395
756 196
887 152
232 10
587 540
760 255
204 730
282 132
290 687
726 13
461 781
745 858
52 104
928 793
561 944
70 28
9 356
72 491
82 71
350 382
757 450
940 290
450 870
559 365
467 316
355 790
705 195
880 838
98 324
286 221
413 141
173 891
876 129
263 324
959 553
89 455
858 905
932 731
172 449
194 423
688 734
260 388
137 661
169 216
375 811
32 514
174 684
222 974
69 966
323 892
412 209
471 57
14 997
250 601
166 216
633 278
734 635
317 378
931 31
749 174
156 825
779 557
242 480
556 624
81 383
81 326
691 523
971 831
374 386
643 37
108 462
944 856
81 333
33 44
866 62
986 786
336 434
107 960
531 253
572 77
99 680
157 349
106 740
305 221
142 596
907 620
170 583
609 551
932 233
901 7
513 182
123 712
517 210
20 465
135 16
984 555
880 796
627 391
796 143
174 681
881 463
550 667
340 648
906 479
852 707
645 693
766 562
980 965
575 173
642 298
944 844
830 364
19 329
438 991
356 552
253 981
395 79
864 509
990 996
926 886
668 232
797 76
124 838
290 637
131 255
752 769
140 693
506 764
761 418
771 498
712 380
90 453
474 943
548 454
501 736
17 166
752 362
465 199
199 319
367 172
316 827
323 57
829 96
470 729
94 610
558 930
891 903
306 815
79 205
503 562
723 31
168 275
38 949
188 898
162 304
945 245
383 343
599 774
481 80
880 868
957 190
243 853
769 332
103 973
889 275
357 213
669 174
734 235
111 327
579 793
411 893
412 133
88 37
64 653
283 322
235 556
866 371
702 285
350 807
863 699
217 15
625 787
279 560
831 368
642 139
162 64
341 91
27 335
322 43
65 72
999 225
307 563
650 115
402 32
550 244
974 543
870 995
905 137
893 745
424 694
120 789
181 724
524 973
602 448
113 27
864 181
216 938
677 598
417 179
724 65
756 288
222 123
857 796
399 578
252 350
356 466
160 888
607 559
996 280
341 588
394 482
95 559
980 479
716 841
522 911
520 661
174 639
781 131
393 918
256 506
750 154
743 40
52 618
342 463
705 127
200 359
265 780
11 9
166 975
252 359
473 787
186 366
311 427
918 789
160 373
280 701
800 633
181 188
656 85
388 303
607 494
168 76
321 453
79 66
538 531
610 301
780 651
325 777
11 155
374 819
98 357
818 903
39 280
851 321
777 710
574 419
386 242
600 184
167 17
713 99
956 634
216 263
492 282
110 19
742 544
336 937
228 842
787 908
989 882
900 636
570 441
7 200
470 439
829 574
950 372
651 961
560 941
885 600
640 542
809 935
668 848
376 748
633 248
631 809
632 476
668 465
568 754
373 264
207 863
233 211
139 673
234 825
514 618
362 157
297 265
842 25
274 775
226 744
374 34
546 344
498 905
783 419
847 485
18 97
153 344
290 491
897 94
218 550
558 108
204 937
366 497
653 389
178 807
626 345
671 430
864 991
473 54
562 815
218 94
11 989
464 454
859 313
69 869
590 11
176 864
32 897
576 584
925 783
153 263
549 410
775 78
884 329
79 446
816 112
157 113
211 306
696 36
969 354
634 700
523 790
148 633
586 625
94 739
151 372
275 976
662 200
483 304
924 922
122 757
429 931
294 266
608 891
117 150
951 418
717 565
917 987
678 348
628 845
810 631
191 478
388 728
58 623
910 982
754 350
444 752
638 156
502 644
500 148
428 201
329 268
305 949
360 284
74 108
948 456
936 382
57 867
296 355
220 410
612 341
74 642
819 722
262 7
563 389
580 210
175 16
155 781
987 240
992 494
820 693
205 807
181 253
112 598
860 836
663 638
395 481
506 560
306 56
513 679
257 15
228 943
451 928
930 225
639 130
8 110
920 596
579 37
924 79
201 299
986 239
2 230
36 102
76 646
148 421
700 193
779 176
112 289
173 452
208 451
592 487
70 871
450 100
155 63
978 634
712 254
823 120
254 807
894 744
581 999
383 557
393 272
950 546
579 27
287 856
964 384
882 987
476 693
791 10
864 41
403 321
49 132
328 893
305 53
770 35
977 335
390 149
14 433
37 202
19 633
326 737
519 364
146 162
878 76
545 889
222 598
146 215
96 7
255 943
126 540
775 634
164 970
213 192
711 400
781 364
122 271
775 186
239 266
244 855
946 760
309 709
161 68
444 554
88 85
418 724
202 127
687 371
577 725
599 555
6 672
570 92
580 705
596 615
255 815
771 800
98 454
16 787
710 132
44 860
182 769
771 943
439 2
254 648
694 978
386 33
265 886
926 350
631 867
3 357
75 743
356 951
363 328
180 294
768 365
950 467
374 615
64 21
507 59
57 583
341 663
841 134
51 214
96 909
805 994
310 552
752 901
250 594
361 532
374 355
731 233
527 897
764 507
851 761
9 852
467 706
50 335
592 175
249 907
586 975
811 841
275 531
817 870
890 91
296 301
899 253
268 109
67 419
284 249
650 711
326 362
545 862
443 70
35 695
765 994
976 815
917 100
52 250
482 814
511 631
963 663
901 152
830 580
589 461
713 622
991 372
293 168
495 207
538 680
862 131
253 599
407 536
351 487
215 681
607 0
438 802
344 870
250 409
373 763
698 659
344 837
208 220
546 131
520 809
804 329
421 326
989 230
851 39
204 918
463 733
581 993
610 104
97 295
596 987
813 142
262 65
861 769
936 633
761 951
664 352
485 598
548 428
63 282
711 409
58 765
319 130
23 28
656 517
235 236
433 395
395 832
91 930
403 464
642 697
911 767
572 32
609 705
879 386
625 511
207 368
979 201
301 339
993 654
387 373
217 139
171 204
90 726
376 356
88 413
468 440
655 640
232 669
571 72
394 179
598 131
737 105
851 677
828 996
80 147
432 563
649 591
88 386
558 932
239 514
934 941
793 465
693 478
63 603
921 558
921 948
690 168
550 880
248 676
15 322
879 767
922 589
269 268
123 754
140 221
348 327
26 234
468 448
829 436
326 861
845 575
984 208
882 986
44 761
556 716
100 496
282 509
390 478
194 310
7 696
758 478
820 952
840 722
427 306
884 823
56 945
620 231
780 259
441 294
143 608
260 321
390 618
173 810
720 585
227 345
546 774
266 970
763 434
563 743
65 706
93 531
506 161
465 699
399 90
51 848
290 16
588 781
665 685
157 153
883 523
702 58
167 274
236 991
4 623
769 623
778 549
692 395
687 706
898 205
278 65
837 940
650 511
184 5
641 684
229 520
43 840
685 771
386 664
895 951
275 332
132 925
34 254
174 716
364 648
657 67
21 810
554 101
803 568
868 742
826 228
537 496
429 829
141 562
78 539
566 790
989 341
856 630
413 369
670 890
684 768
667 288
801 243
494 960
111 958
939 651
720 136
494 768
461 380
682 274
833 895
200 266
486 582
91 676
719 875
824 144
668 835
627 440
132 680
37 297
773 686
866 936
775 316
158 434
830 26
272 543
942 697
158 532
449 994
160 76
596 103
921 203
152 456
583 463
227 604
732 379
647 413
53 345
755 949
383 947
765 562
114 470
289 28
230 795
851 503
26 211
496 226
75 295
603 754
289 209
187 59
910 851
713 541
511 914
728 559
877 414
429 322
437 553
118 44
771 841
543 144
574 580
687 839
812 87
321 213
630 851
134 346
591 12
16 907
910 375
530 36
82 856
451 621
925 798
993 174
361 163
786 648
768 443
741 466
112 672
159 365
354 919
882 452
515 244
176 539
708 293
621 370
980 549
402 910
398 487
158 174
485 501
479 309
443 452
862 624
601 70
809 37
561 971
905 678
815 412
796 849
486 767
229 565
887 24
647 107
915 554
161 246
186 970
867 241
165 803
598 396
53 244
370 930
286 290
665 459
870 595
32 120
8 793
310 152
989 270
493 862
2 602
102 93
692 23
761 449
8 453
561 811
431 231
838 33
62 696
348 863
988 963
761 910
125 839
260 63
236 123
417 421
941 539
737 300
960 231
534 825
873 852
180 784
948 666
874 140
813 210
624 399
550 745
315 390
10 613
796 447
495 322
830 418
137 794
742 201
296 15
869 245
427 622
569 327
670 650
378 272
727 170
744 902
991 648
593 771
692 919
176 971
178 648
681 322
545 25
705 959
202 83
987 121
708 574
565 565
731 547
217 601
112 46
63 976
363 302
376 619
212 834
301 888
730 481
894 1
523 902
926 995
178 223
388 529
110 672
285 197
143 713
188 867
283 456
283 458
959 972
83 128
633 432
856 49
282 976
584 635
745 172
74 528
618 750
659 201
206 752
363 292
804 735
350 658
437 646
975 488
117 841
551 703
525 431
267 346
230 130
987 332
248 703
815 163
512 716
100 797
320 531
740 285
288 674
780 418
442 763
183 717
323 607
607 260
198 786
715 624
866 459
236 343
780 579
954 239
631 71
524 280
503 555
997 325
702 573
697 895
134 532
846 309
597 539
496 307
358 445
957 182
283 454
551 322
32 36
951 464
820 113
55 928
161 614
584 342
218 437
234 92
364 379
58 428
245 80
269 568
321 524
307 768
796 360
911 359
426 527
371 243
777 239
568 255
72 679
795 935
553 958
186 775
553 477
142 223
673 435
971 679
901 820
627 683
121 837
753 364
236 86
288 3
700 292
428 706
825 250
384 985
54 763
446 362
217 71
510 354
364 304
142 20
132 800
111 667
887 480
16 795
867 535
868 685
657 965
806 22
128 403
637 730
981 418
842 138
720 420
398 200
755 2
57 26
91 747
957 195
433 878
217 698
2 221
249 932
114 382
411 69
48 718
676 750
803 52
417 907
522 736
674 373
280 438
288 695
550 51
311 671
467 99
111 667
183 300
844 924
613 338
982 596
782 968
275 696
330 288
879 498
186 327
174 373
17 176
112 453
369 683
747 563
137 322
847 171
388 208
114 898
941 358
660 207
830 500
796 708
225 432
913 769
293 141
574 861
962 187
477 226
671 247
892 844
16 944
948 582
102 725
637 970
103 350
64 202
628 453
157 271
689 377
883 117
519 815
270 113
29 100
114 568
814 572
765 262
19 248
435 432
681 176
963 870
381 557
895 288
68 193
457 644
128 126
344 537
452 879
258 220
104 895
971 460
544 36
164 844
254 960
127 916
961 220
623 932
901 744
708 567
177 571
627 32
696 316
133 131
983 603
262 178
158 39
789 890
786 277
28 250
382 769
253 624
761 893
940 872
395 747
636 681
449 592
753 494
520 607
541 222
494 454
974 776
771 313
884 670
23 274
632 229
494 634
256 383
278 367
936 341
649 369
98 484
158 778
518 538
745 290
140 453
555 604
486 905
724 537
483 932
772 983
822 568
154 453
133 348
484 422
262 815
221 407
219 794
556 423
214 345
321 194
808 22
74 298
426 841
172 226
31 504
78 592
177 983
310 55
672 85
247 342
937 363
530 793
67 336
481 297
173 134
555 619
506 771
17 202
399 837
823 561
819 430
967 209
53 431
15 843
996 828
274 116
711 524
108 386
5 291
647 598
574 109
43 920
937 369
506 385
775 384
178 986
460 905
819 47
966 187
424 63
885 502
74 410
867 646
696 479
165 429
67 297
919 491
550 662
335 517
563 572
439 439
120 840
629 359
992 276
552 0
85 4
993 399
980 446
177 334
489 4
385 995
929 79
819 940
679 825
968 121
518 78
123 669
573 16
539 650
224 326
111 769
787 721
833 371
353 515
132 71
67 340
666 41
581 386
566 658
962 580
321 802
711 971
216 311
677 126
850 880
136 552
839 594
821 272
619 150
344 877
266 942
643 532
998 282
402 351
668 428
147 532
789 124
572 207
696 400
453 581
901 739
452 758
940 352
399 702
683 956
635 952
326 710
931 623
697 636
837 779
401 891
383 356
177 506
31 751
545 612
40 354
328 584
71 388
962 639
469 622
276 993
984 761
668 292
698 123
918 162
722 121
441 253
769 18
73 346
157 557
685 480
242 296
408 755
983 455
589 481
108 637
667 289
161 786
208 403
921 345
530 983
365 805
456 582
693 384
600 39
586 359
50 159
183 140
136 616
206 897
137 348
959 839
611 71
330 497
294 431
821 56
504 433
922 555
131 392
888 770
642 452
226 904
770 685
620 538
630 83
465 88
154 996
10 271
769 377
721 641
138 245
787 410
781 298
580 655
92 858
733 69
332 951
888 883
491 671
716 358
907 984
172 7
948 260
769 818
904 657
192 550
168 280
343 660
596 407
984 262
384 461
760 325
938 866
9 487
31 249
771 723
517 147
26 858
347 672
425 580
269 212
804 756
532 396
203 457
578 780
522 714
731 335
109 190
439 874
353 933
484 397
118 270
320 671
465 765
332 389
941 856
180 734
817 431
634 422
709 271
603 837
798 897
401 636
353 659
912 875
636 522
292 114
24 538
167 746
891 205
825 590
361 916
367 156
339 788
470 930
712 807
586 638
615 430
567 895
399 969
656 609
894 187
597 185
301 116
911 14
701 924
191 472
234 777
229 720
925 542
885 234
952 680
219 699
259 21
447 820
819 843
371 352
418 91
618 584
330 160
379 120
682 488
130 134
483 190
200 118
364 96
33 221
650 892
995 152
172 170
174 16
18 14
135 180
493 326
654 227
785 130
144 989
376 12
151 468
792 453
732 980
4 680
231 204
361 920
934 409
990 346
569 854
63 558
534 257
643 584
71 700
784 141
721 223
345 932
32 239
638 842
934 181
489 722
731 973
977 615
783 113
271 975
42 914
358 223
620 859
624 997
656 362
379 998
635 763
354 500
459 570
999 290
866 917
815 8
106 348
118 238
34 486
977 839
879 985
35 36
654 717
39 713
445 934
172 616
729 141
31 776
698 922
593 257
315 839
201 143
910 731
725 17
764 122
202 885
714 462
483 426
663 341
701 457
202 294
881 352
48 808
507 588
507 474
208 99
950 657
452 788
324 537
801 355
529 426
812 965
560 422
889 340
164 357
446 487
787 166
421 962
147 954
603 397
616 294
558 499
878 445
796 842
817 487
598 753
84 499
811 107
734 500
33 935
680 594
566 881
939 72
237 409
199 686
860 662
559 619
713 638
120 424
789 821
799 499
897 967
274 7
797 371
919 925
335 79
664 665
641 690
656 667
211 122
896 631
239 987
778 324
684 960
783 446
754 417
772 905
245 937
742 811
716 282
726 523
448 663
400 508
874 774
869 424
61 281
777 923
923 896
503 638
124 604
264 299
360 658
570 324
126 474
533 627
21 379
857 125
975 972
531 976
646 330
830 605
663 905
190 708
755 145
536 620
355 215
390 131
604 436
767 808
792 494
258 146
884 473
106 580
753 378
869 321
401 104
503 822
323 439
973 216
610 426
347 66
695 468
406 114
871 564
509 225
80 659
874 382
341 10
807 999
888 333
900 483
679 646
84 390
119 671
279 417
549 384
963 477
924 145
323 156
120 676
402 341
185 75
728 930
667 257
635 727
898 872
601 41
555 830
458 585
694 852
970 708
280 246
740 968
284 584
930 741
17 906
120 581
775 946
441 697
867 11
34 10
138 103
42 41
931 142
19 163
308 155
498 485
534 247
121 376
525 21
223 760
959 737
717 167
599 694
961 17
505 482
415 99
21 576
51 349
153 273
732 418
110 328
106 496
349 841
512 768
450 141
380 699
462 941
716 278
707 201
547 460
537 588
384 519
782 277
415 595
97 660
961 567
303 390
775 681
719 936
12 148
232 804
576 472
146 571
952 455
249 703
355 279
894 587
864 601
665 146
883 653
513 521
774 448
187 122
532 83
753 566
209 457
993 806
213 141
783 325
391 813
637 157
358 831
70 661
419 230
546 997
322 513
819 174
432 704
799 648
158 604
958 304
667 170
99 646
760 92
712 569
148 308
338 23
864 286
803 541
829 689
918 480
921 649
61 509
993 236
14 107
200 526
972 803
398 900
178 849
420 170
26 834
83 761
875 401
316 257
658 432
690 182
775 799
435 242
608 564
110 487
660 184
551 647
661 666
510 242
144 418
581 627
473 860
896 576
679 878
454 596
518 632
790 346
52 951
941 312
187 662
940 230
93 906
406 601
134 161
895 513
91 310
104 947
776 587
958 219
727 675
644 106
861 802
693 488
822 4
283 471
297 127
829 427
22 711
714 905
771 908
741 899
158 41
849 510
789 219
891 808
825 556
79 81
945 579
507 285
835 962
912 931
85 92
294 653
554 185
543 420
456 463
436 743
397 254
339 296
538 352
58 339
712 980
941 156
7 126
268 980
870 372
592 847
140 463
660 341
901 964
528 132
184 470
760 878
325 482
851 836
516 7
327 135
520 24
482 990
275 799
340 449
995 111
736 273
730 878
281 842
27 309
465 886
168 766
781 223
817 105
804 928
623 595
158 536
534 3
874 749
672 42
487 529
911 615
604 19
203 628
491 189
233 296
407 597
724 346
431 251
693 614
931 574
942 440
971 451
293 50
583 35
348 43
721 799
765 47
135 499
538 925
476 252
922 169
774 783
248 582
562 184
406 727
579 524
767 954
178 611
129 97
640 757
609 863
118 224
873 988
645 291
468 733
234 138
306 827
153 39
975 470
386 361
782 37
553 980
212 701
623 173
439 460
55 95
908 192
299 119
871 337
211 392
285 824
991 972
534 307
765 593
647 310
804 675
211 287
849 427
785 709
686 484
401 942
728 565
585 180
690 752
292 924
509 375
921 979
873 229
217 156
837 992
730 658
354 137
473 463
406 869
788 151
20 196
141 428
696 723
843 366
344 440
739 734
750 450
475 592
219 554
791 211
422 569
661 991
409 504
434 865
572 14
368 141
667 434
799 585
618 613
599 962
241 514
208 94
611 574
961 781
256 726
293 692
475 153
699 119
341 499
84 659
232 562
704 853
928 121
281 394
19 319
505 484
258 83
120 518
71 750
789 893
78 53
893 979
193 386
338 616
395 630
146 735
126 453
257 282
959 606
929 339
711 797
901 561
749 478
253 571
191 712
772 220
208 436
205 187
795 705
436 805
197 254
201 361
817 387
495 608
117 444
266 56
209 514
183 315
208 736
173 640
94 111
681 766
642 982
881 480
270 978
558 650
609 286
980 495
629 247
517 932
92 535
905 588
797 484
914 168
53 411
484 418
241 494
562 455
608 56
627 888
325 41
276 915
857 275
167 987
935 95
328 360
921 660
536 43
529 229
891 859
513 430
757 245
316 19
249 564
261 229
41 445
781 306
81 869
139 192
78 585
819 877
949 290
953 126
541 915
926 554
246 944
865 322
587 973
290 312
699 536
511 961
630 604
393 561
323 314
729 161
790 182
924 487
117 404
798 818
812 38
458 415
375 811
351 798
141 933
103 187
412 262
257 185
119 504
246 137
692 56
449 147
553 838
607 759
359 500
205 595
415 385
937 425
681 760
169 755
300 962
744 614
536 100
519 968
646 974
688 384
977 506
933 113
958 957
47 2
62 213
307 501
12 975
574 754
314 828
74 167
478 751
904 142
546 518
981 83
433 746
242 688
477 964
723 776
966 166
721 524
677 516
266 677
350 141
910 23
308 450
701 165
974 257
612 55
959 662
423 653
804 471
136 919
390 986
45 899
519 646
240 281
697 227
952 318
442 39
508 163
964 869
328 698
936 452
200 957
787 153
921 355
265 290
735 415
94 593
121 942
252 401
441 341
286 999
359 101
594 624
117 636
149 667
174 985
225 171
615 636
450 20
583 695
710 735
883 989
114 43
162 958
777 386
655 764
151 501
173 949
884 989
357 325
781 287
906 247
340 139
294 831
303 394
645 200
206 721
983 533
574 918
244 726
435 286
415 425
610 128
317 266
428 234
703 305
62 670
282 175
381 88
24 620
807 239
567 967
965 397
752 635
493 469
522 955
196 440
637 834
185 972
826 161
852 922
815 774
181 530
97 85
185 757
554 126
366 471
434 602
664 375
521 99
117 700
970 904
970 957
220 186
681 613
50 485
866 18
810 958
190 761
811 462
898 879
63 608
624 126
296 997
122 354
991 473
376 999
455 889
17 201
384 300
509 224
592 627
617 942
763 430
452 221
243 181
158 618
860 175
97 792
934 539
391 651
997 889
611 682
749 99
988 56
998 557
195 327
287 598
501 625
327 514
980 780
647 70
985 713
460 224
540 682
152 288
964 6
616 502
89 146
768 937
783 453
346 305
949 40
629 931
931 280
466 687
579 41
682 854
813 953
76 205
6 615
787 817
516 238
43 654
64 225
500 496
214 733
607 381
608 261
165 333
678 758
655 311
578 81
584 137
896 590
783 715
355 106
361 665
995 704
627 459
922 813
165 739
541 731
817 987
400 292
867 744
178 793
147 998
680 518
829 770
781 379
322 966
679 442
47 756
485 783
227 291
948 89
895 167
225 884
965 744
961 808
139 745
692 954
865 970
255 245
397 853
681 733
760 170
238 776
570 303
303 521
176 392
922 305
222 950
493 116
863 151
350 558
425 363
678 16
902 206
69 787
828 822
159 272
678 771
435 465
228 502
36 351
46 511
344 481
974 495
366 334
730 702
852 712
48 754
663 565
293 950
684 131
118 170
299 599
440 532
771 74
698 307
112 224
16 780
961 710
275 115
310 175
331 928
775 644
486 115
256 726
803 597
401 617
575 661
601 943
225 307
130 197
9 876
255 918
754 427
218 370
601 145
707 299
877 392
795 764
854 762
855 951
931 992
543 521
699 66
949 739
741 995
43 840
51 621
470 406
433 752
655 195
812 802
368 526
245 860
484 326
140 609
70 579
690 52
611 935
839 693
884 305
865 903
348 86
750 929
672 652
537 863
396 356
16 604
498 635
494 518
957 637
284 710
612 455
787 851
914 640
53 658
257 338
737 4
759 379
637 964
89 803
877 915
253 753
1 778
540 950
109 324
427 350
131 133
362 142
43 634
357 678
458 430
417 221
8 407
433 859
971 555
606 288
161 410
605 510
947 217
58 237
190 48
338 51
339 769
910 309
805 453
707 223
890 117
775 900
379 962
910 83
510 737
394 542
67 454
25 432
203 436
840 434
68 855
573 985
521 262
163 952
654 856
959 846
290 378
791 940
749 34
745 429
744 923
321 178
972 861
381 721
507 424
939 705
115 173
506 725
465 977
525 435
50 911
644 319
644 545
749 904
251 459
360 967
567 372
944 120
795 137
388 551
856 200
862 864
32 94
155 266
567 789
809 481
972 798
15 230
525 199
301 622
488 369
925 764
406 160
849 547
369 791
236 5
775 152
349 273
87 830
77 484
831 807
650 926
152 512
452 128
426 7
748 783
529 855
637 416
305 764
658 104
157 236
767 406
42 901
188 128
667 584
604 663
318 266
772 720
651 899
286 183
925 373
85 594
585 739
971 855
11 67
783 955
680 114
330 785
351 530
136 347
544 538
979 975
382 170
939 329
321 146
315 273
771 646
549 641
501 288
453 190
250 394
306 768
641 709
185 367
784 588
948 52
395 542
976 497
604 644
812 214
317 904
77 633
145 597
462 465
688 41
981 63
521 980
809 194
762 243
575 917
986 918
92 559
496 338
573 7
693 267
954 890
556 874
361 579
481 887
342 405
55 827
912 752
436 341
15 909
367 599
362 696
674 612
813 313
858 776
415 791
707 348
225 818
697 716
939 619
609 967
896 442
86 939
754 76
599 842
385 871
693 125
724 203
259 683
114 78
894 158
626 276
36 714
30 66
240 778
118 405
483 674
41 724
728 203
854 751
358 582
233 834
112 32
370 826
168 910
967 858
39 38
401 154
338 441
116 317
503 337
583 134
957 146
460 975
153 864
2 613
101 654
445 667
259 814
703 289
559 762
272 296
570 685
961 45
467 510
303 952
535 466
642 952
554 142
717 646
958 542
944 818
440 365
657 237
18 849
369 412
330 378
42 45
10 471
390 810
425 228
579 303
743 132
763 241
333 24
728 301
67 337
541 971
163 775
495 261
114 790
234 543
759 906
800 261
620 96
612 643
474 456
237 557
385 738
38 772
652 148
82 690
371 973
541 578
538 201
125 599
447 434
623 375
841 863
798 123
123 619
831 358
216 541
96 967
777 952
654 629
122 518
14 159
538 606
859 493
161 438
606 414
444 663
172 542
675 772
745 780
220 806
938 614
129 536
640 817
436 457
112 953
114 651
992 944
149 727
908 567
452 603
318 63
214 402
820 722
435 774
348 315
931 572
90 927
535 755
186 398
101 219
856 314
58 246
84 563
704 622
244 644
919 579
978 902
304 951
413 878
852 400
427 437
891 376
307 741
560 453
664 283
929 208
482 398
573 124
863 74
846 325
207 472
254 251
533 950
558 17
265 934
274 190
250 358
256 736
537 404
175 423
33 660
988 517
418 15
31 912
276 41
628 618
825 360
902 878
355 236
46 670
821 599
201 309
214 522
431 790
743 673
688 599
942 372
89 582
587 835
564 111
352 830
229 855
933 878
457 312
849 699
618 113
261 147
557 352
562 876
588 399
347 174
918 57
557 912
276 623
546 333
72 500
981 131
70 609
224 832
188 61
818 425
598 181
436 656
258 916
506 865
714 183
23 881
463 120
112 524
834 364
83 625
623 811
833 588
971 684
86 921
740 379
82 376
159 864
943 65
531 300
219 36
269 442
112 413
350 176
270 555
359 505
810 652
445 25
991 247
814 980
371 853
603 771
373 812
656 412
986 874
758 861
687 890
442 836
905 942
135 590
728 274
702 346
922 0
126 409
668 94
966 805
434 968
830 315
776 322
230 590
729 23
414 425
92 639
181 721
8 112
574 677
172 932
36 883
432 139
942 424
106 597
261 683
681 310
754 446
574 718
140 530
32 756
664 135
286 390
121 949
351 136
311 18
421 591
324 927
976 584
801 889
503 409
439 426
154 100
353 313
627 548
479 412
378 669
630 345
607 117
995 548
395 792
678 351
79 300
971 700
558 419
907 16
7 230
929 237
98 60
337 551
283 991
915 528
484 743
853 531
45 989
582 641
927 550
751 643
223 826
580 220
646 160
152 890
308 488
311 546
916 852
348 269
763 204
867 874
858 557
17 625
28 741
679 306
809 997
334 784
400 651
836 509
427 563
412 218
36 826
172 51
342 951
408 398
358 342
12 830
984 490
734 816
966 95
186 609
907 97
847 114
206 116
902 9
898 481
387 237
610 705
604 613
410 633
831 70
176 147
161 720
346 701
432 483
137 687
41 755
626 942
142 341
878 617
831 173
167 772
641 534
195 865
909 653
533 167
511 546
54 612
582 51
595 599
707 191
552 243
579 652
34 497
351 166
626 565
251 85
758 394
75 377
649 549
992 685
899 643
490 333
883 296
232 693
504 589
780 279
759 885
242 769
583 780
350 249
656 356
708 429
794 598
707 147
802 594
515 482
855 131
662 692
531 577
595 80
357 716
5 288
267 817
906 44
964 877
327 160
852 876
889 145
817 828
894 439
442 627
194 200
567 57
182 330
643 908
970 546
718 270
899 501
263 141
920 513
23 719
726 402
440 287
708 949
421 504
801 34
611 21
32 299
765 267
470 3
325 148
314 309
806 553
923 914
719 275
800 750
450 766
944 104
922 546
593 428
306 855
62 143
51 532
530 318
662 772
337 492
775 166
398 606
842 944
663 28
847 871
589 14
833 518
751 264
677 904
222 892
486 451
834 971
997 412
468 799
773 488
237 128
733 598
763 945
646 295
188 62
884 391
523 869
546 923
120 606
542 430
844 255
27 738
314 977
237 728
848 521
496 468
693 459
817 336
525 258
206 410
95 237
985 109
175 510
223 81
720 564
359 928
497 739
551 799
472 45
304 100
941 255
481 426
853 58
161 935
791 365
150 902
74 940
170 549
325 263
789 621
329 665
38 817
913 786
891 526
210 284
553 590
13 119
581 880
873 521
512 175
229 741
649 245
235 199
476 237
240 786
832 778
0 662
271 359
71 257
238 899
538 913
100 816
220 139
592 689
125 259
635 358
652 600
708 749
828 99
466 575
461 636
764 76
66 617
716 355
640 732
787 682
478 24
110 711
543 736
805 985
532 428
884 806
231 865
291 425
787 499
64 695
103 113
628 263
17 366
963 36
407 383
149 288
928 246
346 318
170 402
362 380
788 409
321 51
843 219
946 885
19 292
915 842
723 293
806 423
291 287
879 412
473 942
593 335
902 278
556 818
632 237
225 742
232 365
462 115
860 108
748 269
511 721
21 76
180 52
604 456
386 883
237 575
801 845
147 749
843 573
232 247
925 277
495 420
428 356
861 872
381 582
206 14
493 830
660 937
287 330
802 919
668 459
879 123
292 936
111 901
546 886
259 552
310 734
287 160
349 883
876 686
547 622
724 298
696 384
587 708
287 571
86 415
667 461
883 106
85 515
688 219
873 734
175 234
519 620
415 944
901 981
422 259
233 952
786 279
491 858
39 586
473 275
370 683
69 261
613 872
513 369
11 156
707 424
923 321
347 394
337 215
417 751
855 385
419 568
700 352
668 553
675 982
745 965
668 73
381 54
639 379
876 672
524 194
60 360
424 632
119 942
690 505
429 380
500 100
591 874
245 257
782 536
795 790
954 455
70 893
102 404
279 333
737 690
647 219
72 963
484 788
126 866
958 34
573 712
648 570
566 474
754 862
149 299
483 947
968 155
636 481
230 948
160 626
988 476
319 49
154 396
578 393
885 876
369 183
909 552
151 525
71 516
223 323
357 247
96 692
448 463
516 178
792 97
758 543
730 778
362 914
384 39
254 258
423 374
470 346
426 512
598 985
211 803
80 501
586 543
789 275
990 541
728 885
240 199
854 848
863 704
122 273
445 753
429 972
89 493
394 17
774 354
320 532
161 461
816 526
631 904
982 69
813 290
421 405
817 755
955 649
902 778
532 282
893 422
698 395
574 501
689 191
670 124
985 615
99 196
925 36
330 285
328 677
873 658
143 86
617 384
865 253
563 44
507 314
252 121
193 794
683 130
655 352
879 770
485 665
301 933
217 18
318 923
854 488
392 81
826 596
835 795
941 745
108 914
757 355
430 254
342 22
203 224
191 136
27 607
833 340
492 101
632 748
855 565
908 290
171 267
9 643
955 615
545 905
210 8
228 931
335 977
934 571
707 235
279 627
135 631
576 765
691 118
376 510
505 759
38 919
448 980
313 832
133 169
716 384
243 89
669 493
739 111
140 724
383 167
953 870
440 207
518 320
735 245
59 405
289 630
969 322
347 535
334 109
861 412
559 747
323 403
476 277
46 284
676 590
978 71
506 12
224 770
791 520
420 798
63 531
57 61
512 7
287 114
68 704
775 924
48 61
637 992
652 391
732 211
443 469
480 49
901 240
893 389
104 882
485 797
198 262
974 368
871 556
521 543
294 356
503 894
825 484
318 126
411 719
265 320
836 916
262 743
456 368
809 562
284 689
278 558
348 649
108 676
290 923
805 676
378 333
193 325
945 729
410 111
475 594
234 639
243 384
496 639
213 671
322 712
535 562
36 252
655 512
423 244
334 585
365 51
250 335
249 126
857 259
675 752
841 394
249 901
620 852
257 19
585 194
963 553
510 889
363 653
841 311
643 981
270 457
192 561
347 350
339 179
911 868
96 309
832 917
523 446
380 501
734 856
744 379
663 681
332 986
326 475
159 107
53 314
87 80
672 826
320 935
147 187
470 177
667 746
742 262
812 749
286 615
826 826
517 336
316 524
733 176
234 628
349 190
927 360
147 338
609 90
279 149
917 192
762 229
776 75
157 193
441 342
846 822
554 901
205 316
645 559
958 376
898 466
215 326
606 634
944 146
776 829
522 211
38 990
648 805
644 44
650 722
172 766
361 621
857 13
733 994
309 598
553 765
523 658
344 493
439 412
137 213
361 471
974 927
656 761
651 973
875 272
393 814
274 264
522 713
92 998
774 152
194 987
804 556
24 464
725 889
68 43
283 879
191 476
463 716
448 878
79 113
944 29
6 255
248 992
21 333
30 259
223 858
407 533
291 849
974 104
690 894
890 906
312 731
798 935
232 119
658 105
0 884
519 157
868 707
872 251
358 910
316 178
35 402
872 621
32 639
88 950
939 942
318 862
182 134
667 590
63 258
995 565
899 906
350 238
424 565
272 356
546 728
145 13
653 390
632 889
929 619
931 270
932 606
338 810
849 699
322 491
622 723
557 342
707 793
110 306
894 353
58 240
236 798
274 18
466 984
749 277
617 553
995 276
728 283
108 738
835 264
246 548
722 109
750 256
996 187
821 862
570 283
436 450
520 614
307 987
894 790
258 916
29 725
739 836
604 144
318 123
242 751
348 123
510 387
40 680
955 213
799 214
279 231
32 63
970 825
87 485
860 411
963 986
719 906
319 81
820 993
302 224
457 60
495 53
512 828
408 122
931 818
135 334
195 994
452 162
703 326
538 748
954 347
108 179
197 524
276 441
52 978
135 30
29 268
652 718
658 33
827 737
592 287
994 994
640 14
795 711
754 959
257 500
338 291
121 484
667 281
190 510
551 23
28 152
872 667
790 346
169 55
891 185
118 648
83 302
187 169
840 867
168 521
144 561
393 981
830 633
827 499
720 941
98 356
819 258
120 173
50 853
73 107
22 543
362 896
719 390
383 190
777 865
227 983
546 423
938 223
975 629
91 982
670 690
921 54
279 273
657 405
915 323
517 807
335 670
223 412
994 333
194 905
313 349
993 934
387 450
779 475
320 68
390 848
494 465
96 847
3 352
405 136
510 783
131 273
913 930
809 840
775 169
14 487
147 684
93 74
105 214
702 535
413 3
328 211
113 886
579 317
701 572
842 689
335 159
581 740
810 16
813 327
50 420
680 90
829 706
172 166
381 398
872 382
115 301
998 19
781 901
477 331
944 912
611 430
529 166
608 548
148 531
445 710
976 500
827 504
210 753
481 919
174 672
253 709
604 30
547 574
718 506
179 461
376 80
829 848
504 199
832 30
197 864
280 465
340 915
541 667
158 439
832 209
645 406
961 486
453 563
523 782
431 777
625 720
273 41
26 318
305 759
568 572
64 282
719 899
955 166
632 73
237 808
213 231
745 253
295 935
754 239
211 31
709 910
123 958
670 550
376 866
24 810
829 700
433 374
24 225
705 449
929 925
163 359
373 350
523 809
812 642
88 103
390 278
699 164
548 421
493 412
483 785
536 733
923 161
740 838
949 54
465 232
844 827
340 448
459 226
378 838
316 309
193 902
384 399
366 409
978 904
897 262
933 558
181 154
942 383
148 441
197 832
200 47
637 288
187 976
107 934
456 104
595 955
410 105
109 222
682 791
871 531
262 129
716 102
229 894
202 346
743 312
993 801
649 266
919 510
830 394
177 367
393 187
20 568
544 235
426 710
82 195
928 730
48 112
155 957
817 156
218 174
40 658
303 389
473 277
560 427
761 283
866 384
626 555
653 385
957 168
306 884
826 121
496 177
411 431
414 327
912 706
931 623
659 216
890 833
875 291
162 482
622 22
833 79
566 956
800 272
687 805
9 540
215 813
245 940
219 947
410 311
99 347
521 162
204 480
174 89
164 426
849 823
562 87
930 198
114 82
489 619
248 293
723 705
653 347
313 240
293 975
698 393
625 810
472 298
823 965
944 57
183 836
499 262
1 91
426 849
386 552
990 789
406 796
101 896
975 23
449 56
523 183
770 235
563 173
580 218
160 828
803 852
345 591
90 811
895 853
52 733
313 43
538 98
819 591
722 108
625 477
680 815
738 8
511 847
64 510
40 961
155 352
419 151
645 949
467 747
968 514
380 174
980 568
576 174
877 762
750 666
96 281
548 59
390 501
43 186
10 251
353 888
364 726
381 709
40 619
498 672
536 917
262 32
958 9
501 949
942 95
166 990
104 614
775 56
875 587
108 591
229 710
955 772
887 577
627 587
933 181
643 336
780 850
639 598
547 403
860 923
140 653
245 388
196 186
190 224
902 157
238 955
774 508
554 114
520 669
307 213
953 727
810 686
438 798
18 189
665 714
355 653
314 645
95 359
393 223
29 568
265 168
275 18
152 689
193 300
164 191
801 375
560 429
266 622
403 605
139 664
761 282
404 974
707 341
73 867
738 194
968 381
729 391
473 95
392 313
133 952
101 554
463 700
109 267
304 804
936 241
127 940
786 599
220 746
525 224
381 942
164 824
762 378
483 350
99 767
130 456
458 625
536 251
59 249
860 36
200 341
999 544
488 837
725 701
871 37
323 587
905 74
98 779
800 627
825 618
566 350
401 329
684 419
649 109
336 169
754 814
573 939
629 758
885 863
529 295
73 659
464 265
929 60
33 544
910 500
136 294
661 735
809 698
207 818
909 548
107 185
115 459
213 236
847 230
391 333
144 915
29 16
226 919
87 287
4 371
304 417
189 311
116 663
880 637
102 435
366 701
118 77
418 169
18 699
879 436
716 484
582 44
665 953
204 160
913 408
160 176
554 671
330 992
519 10
655 72
6 816
337 827
79 176
116 658
633 540
651 45
967 511
864 213
535 984
258 296
442 515
945 698
407 336
901 309
915 211
668 357
107 735
883 243
66 95
396 563
493 259
805 12
132 659
761 891
835 571
688 852
991 347
242 311
340 858
96 99
690 647
563 458
865 315
910 840
249 454
646 768
748 956
939 309
55 532
814 282
107 901
186 352
178 61
615 850
949 480
897 693
267 809
439 241
435 752
488 526
306 264
392 837
520 516
255 501
309 157
107 807
17 362
796 414
473 565
45 926
486 406
739 496
663 543
797 591
230 578
75 850
216 906
987 78
822 965
543 487
545 923
75 956
379 879
282 524
336 822
152 136
10 696
825 455
164 362
792 176
534 54
261 951
784 336
606 823
570 837
574 96
463 914
650 534
834 398
96 758
769 190
227 581
262 131
793 238
677 681
373 88
847 158
232 698
732 421
811 228
192 39
175 363
316 766
45 104
653 429
290 591
754 438
218 335
391 89
758 546
78 38
448 194
933 880
530 334
2 806
70 640
395 447
208 29
195 386
152 232
967 375
140 203
862 332
578 587
990 232
139 534
492 774
283 548
763 823
349 239
606 367
268 897
640 418
436 889
336 26
526 97
579 88
362 566
49 948
303 373
114 787
166 79
721 653
165 265
702 575
479 570
218 27
856 665
139 482
247 179
208 628
284 270
574 108
392 198
744 26
836 681
237 510
434 336
676 38
0 812
826 452
27 587
220 631
655 646
80 797
212 480
781 922
525 685
380 359
907 412
814 177
278 747
788 677
811 253
662 614
112 67
707 594
484 100
527 767
181 946
139 773
145 523
69 288
486 576
392 405
997 118
71 126
344 718
691 620
213 379
549 64
114 128
516 494
584 963
95 758
29 18
399 280
457 577
308 540
810 636
56 699
699 407
304 861
279 328
174 240
483 325
500 833
18 904
947 59
194 564
585 441
195 938
209 617
552 269
700 48
86 14
686 740
881 220
604 297
686 115
185 947
331 8
407 13
483 695
858 332
302 178
48 868
396 614
557 948
522 987
347 856
781 928
383 931
908 32
519 615
738 661
775 755
776 359
362 495
954 417
574 991
984 33
704 554
564 914
679 30
43 72
364 81
220 207
759 942
646 799
853 627
231 776
741 387
950 631
474 365
930 306
482 327
627 6
518 80
102 962
778 577
351 103
204 943
367 15
401 521
28 222
475 832
87 650
231 479
409 131
962 144
15 262
60 937
621 492
213 105
79 58
443 747
882 700
982 494
889 739
434 758
659 81
644 731
233 5
720 155
205 775
415 287
919 249
14 839
353 375
145 739
602 61
710 735
344 476
118 569
254 609
535 106
381 426
348 415
263 214
86 860
710 536
211 924
931 350
741 487
491 300
318 856
4 49
527 953
637 19
0 845
291 804
97 306
896 200
583 362
909 257
451 340
905 425
108 156
138 995
661 611
295 687
145 124
208 192
34 677
373 564
296 62
668 607
87 249
574 868
570 317
936 914
300 945
120 838
749 546
917 651
513 665
137 682
700 500
683 799
962 159
948 291
123 55
60 576
347 515
973 564
800 223
660 932
493 830
488 140
283 155
587 817
774 212
885 524
190 852
856 931
612 268
879 421
804 549
479 745
115 788
823 651
613 338
548 781
249 71
253 198
497 299
166 954
497 632
959 942
440 168
300 342
468 998
432 581
360 163
530 95
457 704
922 310
182 403
613 544
93 744
787 569
171 621
394 946
211 242
435 38
664 651
323 77
518 51
652 975
362 591
993 462
633 820
593 736
742 541
10 768
413 93
823 280
245 598
116 557
907 540
582 551
489 826
551 852
565 686
975 472
334 410
631 354
257 250
527 246
49 70
840 91
629 539
923 800
556 114
375 776
419 356
850 190
423 400
703 495
6 643
54 843
760 595
457 271
611 120
442 515
732 879
562 643
385 661
580 828
683 116
472 444
897 117
428 950
831 786
45 713
485 990
3 165
396 60
146 761
476 641
37 427
865 431
557 997
884 966
127 400
14 937
675 136
679 483
768 364
580 972
213 272
126 684
379 185
487 330
503 500
760 761
787 779
446 80
948 77
956 156
766 985
977 749
3 551
601 346
211 571
370 49
500 607
589 463
411 203
524 64
371 700
339 260
322 222
31 199
572 71
19 299
166 778
489 35
908 677
661 190
751 727
325 798
254 385
701 349
957 288
24 755
539 540
0 951
869 601
30 799
208 15
781 909
764 696
513 792
732 365
157 876
681 237
914 983
158 860
915 937
247 747
549 119
850 522
541 676
120 471
769 429
365 857
320 55
106 214
893 448
460 965
494 670
894 968
540 888
865 626
635 831
875 305
937 120
717 8
76 417
447 884
307 389
270 121
54 550
486 904
946 566
154 423
164 522
296 941
647 732
210 656
129 283
823 589
527 337
264 931
857 897
14 373
505 810
304 122
52 517
442 283
323 863
322 744
91 171
244 943
960 863
78 498
257 673
605 548
300 911
94 224
842 888
593 477
909 113
215 194
990 455
908 778
228 62
719 380
991 149
143 898
234 535
496 804
782 382
627 137
907 885
283 393
409 130
740 417
461 270
606 35
624 275
687 474
425 657
102 455
555 620
891 827
441 214
549 618
149 724
371 568
368 424
236 491
59 539
155 140
389 444
153 683
269 578
462 734
431 562
754 333
356 461
78 262
409 256
296 584
842 57
851 662
959 836
285 802
92 623
162 90
271 848
965 180
315 161
439 434
793 29
392 722
166 882
850 533
655 747
974 434
672 56
134 870
765 652
393 106
560 355
429 832
169 214
206 515
812 61
213 131
187 47
180 770
700 593
181 942
22 121
850 283
781 517
536 700
477 629
789 366
611 194
992 98
102 833
807 556
972 680
739 948
858 756
657 345
668 445
626 149
642 366
657 505
971 333
836 757
691 211
628 108
808 752
391 858
946 270
909 251
633 248
367 530
505 592
315 306
112 730
364 501
336 472
735 166
575 170
864 589
27 745
882 46
788 185
238 838
330 993
331 772
917 760
612 528
52 854
311 315
541 908
385 530
162 113
695 344
725 906
159 38
282 868
277 170
891 57
305 330
57 213
422 35
94 716
222 506
271 299