2000
762 311
32 171
234 868
871 67
433 425
101 614
566 790
238 388
830 910
5 225
281 254
122 452
930 891
395 483
597 439
617 221
216 728
883 451
587 901
969 684
684 326
895 987
276 631
993 455
357 816
317 655
213 804
283 296
900 564
306 676
488 336
876 537
258 161
858 739
297 662
586 999
645 256
884 741
990 468
172 552
467 181
730 534
702 900
390 951
396 901
502 636
643 463
754 61
28 79
486 966
439 649
958 791
910 693
33 711
698 434
764 36
81 490
631 914
393 65
941 438
823 866
789 61
448 496
733 189
225 935
742 264
961 477
298 129
627 496
674 157
378 236
20 567
718 257
266 511
451 663
622 512
712 551
665 236
469 552
323 55
461 755
596 85
107 611
521 465
825 868
987 35
860 623
969 996
315 143
237 673
494 43
268 402
476 832
239 798
236 282
111 813
197 592
205 185
673 793
799 530
44 510
559 485
539 910
726 928
311 720
829 772
984 24
924 960
630 593
595 502
483 763
493 276
997 762
133 465
679 467
225 617
607 195
203 103
98 453
263 759
547 464
702 197
635 387
344 405
75 694
49 520
269 422
362 527
960 292
608 799
633 532
722 770
719 533
35 766
39 369
288 148
670 754
940 527
581 631
590 78
606 818
972 368
13 240
505 827
770 276
353 137
155 704
718 192
199 169
163 660
77 141
693 988
762 284
290 13
673 864
289 655
188 883
97 82
369 156
854 852
385 205
46 586
786 308
993 328
579 107
399 871
775 758
875 842
947 289
349 429
362 667
710 907
233 379
740 195
476 638
629 221
166 786
977 414
80 507
768 510
417 519
522 746
219 399
509 603
814 780
289 275
134 252
24 927
920 816
561 253
690 403
147 363
127 929
119 393
610 489
558 221
626 745
809 185
860 764
848 379
335 715
530 465
568 373
731 358
413 556
427 382
175 110
579 962
264 852
635 352
956 683
847 282
669 548
984 121
54 178
582 358
257 696
955 156
195 652
699 870
5 700
336 961
22 860
562 853
588 536
779 181
530 868
952 593
995 198
915 788
477 645
877 383
104 912
370 329
693 589
997 153
28 252
618 362
589 200
754 745
312 722
9 830
409 729
811 317
235 282
437 320
821 847
449 27
537 127
313 579
273 803
228 459
821 552
966 621
543 694
121 626
432 172
146 382
403 949
87 459
454 643
684 128
834 510
444 557
968 145
892 782
595 450
492 554
340 180
687 982
760 3
234 219
55 563
857 545
309 45
253 470
459 278
482 312
584 646
500 866
704 570
385 134
639 567
186 719
655 476
187 450
652 522
58 721
777 859
124 579
284 91
819 476
52 424
907 620
603 346
596 774
182 854
370 615
801 701
144 73
783 532
564 676
399 536
627 768
619 551
389 856
930 302
651 470
853 715
149 376
71 686
552 220
725 881
413 334
133 64
684 170
538 503
495 911
429 168
171 91
192 333
337 581
741 623
204 619
971 652
154 792
640 767
509 961
970 191
276 365
383 973
746 791
892 395
584 777
394 366
406 631
725 40
356 661
487 301
607 693
522 967
608 177
314 48
214 153
776 443
851 418
603 48
580 260
48 50
698 613
523 871
158 351
950 323
978 627
558 513
426 665
117 944
801 766
249 101
423 664
676 467
216 512
261 923
784 884
155 194
19 0
450 566
225 272
454 60
302 117
412 513
464 570
384 514
593 634
553 435
277 641
273 305
933 19
793 205
577 636
257 341
717 580
612 872
202 670
66 557
157 695
463 952
341 694
384 787
510 164
190 790
82 272
900 682
655 775
787 983
540 711
236 336
517 39
117 816
86 677
165 19
131 235
833 3
718 374
73 758
162 61
757 856
965 267
392 578
674 496
959 599
372 866
411 519
718 972
473 498
423 160
211 514
340 414
656 909
638 561
478 398
34 586
600 879
791 300
418 686
842 675
521 321
37 281
648 126
806 983
853 475
123 188
849 382
532 533
319 203
521 617
36 337
130 504
404 159
741 943
630 696
666 779
933 911
411 72
359 9
575 772
323 110
998 236
931 611
166 667
769 832
683 59
62 265
574 825
285 251
324 26
311 580
831 115
103 767
667 754
741 180
198 519
336 568
890 982
228 837
775 99
124 656
449 250
609 475
297 819
832 127
384 191
793 576
965 169
860 349
623 171
702 210
639 852
57 532
429 75
545 832
59 323
219 672
678 971
936 235
752 273
823 48
275 762
241 471
352 656
742 660
22 377
853 921
878 632
592 326
842 322
926 504
910 375
169 323
350 594
240 885
879 79
784 193
75 217
35 821
244 773
490 360
761 806
502 867
22 669
66 707
789 261
317 32
171 201
580 174
974 59
124 885
746 313
917 615
379 326
170 525
708 386
316 534
230 279
287 822
932 41
836 351
923 377
333 574
327 791
111 444
529 713
737 175
93 876
932 765
895 133
371 405
669 717
985 721
488 591
801 348
788 855
600 308
575 361
648 748
518 443
878 17
643 232
819 23
843 498
79 455
980 307
809 359
3 609
395 494
427 171
818 18
706 612
772 680
229 538
666 47
596 619
437 18
360 758
725 872
817 905
660 762
93 508
888 880
122 345
848 832
604 623
854 836
113 202
867 679
714 48
768 972
805 2
432 986
85 181
699 640
339 876
813 49
590 540
694 572
37 892
106 380
805 910
856 782
415 22
616 76
233 7
414 845
796 252
475 846
117 282
658 825
5 983
704 9
395 758
740 655
250 491
143 164
365 909
525 436
358 909
105 395
654 906
999 895
326 382
562 473
12 200
406 185
922 526
119 933
177 487
689 605
595 691
977 15
317 840
880 906
267 650
216 617
157 693
751 774
527 762
201 536
943 404
402 346
463 678
168 1
107 819
879 778
916 673
902 790
123 642
702 540
345 209
571 201
787 614
27 46
323 702
724 637
881 754
570 97
560 881
150 746
309 477
66 98
811 703
744 903
954 416
259 701
310 822
901 511
435 39
519 354
365 356
479 311
966 597
179 970
497 629
525 883
4 418
871 633
378 491
925 710
822 862
161 459
556 29
138 448
65 396
990 264
355 914
38 383
810 778
169 497
134 973
240 81
394 85
537 274
103 480
552 190
107 23
31 560
728 706
477 112
201 275
573 75
399 171
45 899
42 621
327 946
514 61
565 279
142 923
461 843
203 522
604 147
870 848
751 858
342 442
100 41
656 270
519 718
237 100
785 231
81 65
786 601
314 577
391 1
169 24
919 534
597 606
47 290
138 237
845 427
753 856
794 602
225 417
529 982
267 495
868 222
691 243
309 410
786 389
930 388
985 384
210 905
328 14
604 702
756 665
838 672
886 968
899 52
624 314
702 0
131 450
571 284
877 150
437 584
374 454
178 180
113 758
170 846
831 728
702 675
262 1
510 941
545 270
379 245
42 171
827 470
707 143
714 286
369 704
645 49
585 390
475 107
741 311
932 506
799 367
563 878
390 377
728 14
894 678
806 361
522 856
11 613
709 36
6 519
422 707
250 767
833 147
649 127
945 622
404 625
524 967
30 570
888 124
105 271
577 652
472 786
540 631
523 689
229 100
577 571
877 91
864 456
176 392
32 948
258 784
461 39
305 708
491 60
606 359
412 508
189 85
765 574
484 810
30 246
121 379
576 279
380 717
874 414
795 105
116 565
683 857
340 952
988 418
486 79
326 277
766 841
744 115
377 281
735 717
121 104
139 422
416 287
213 149
900 262
957 26
545 926
241 116
908 152
799 437
51 808
675 748
626 425
708 420
312 198
704 29
856 194
584 687
907 981
927 695
683 980
716 64
931 124
310 607
82 866
727 90
454 946
657 669
620 42
813 555
838 969
123 702
78 898
220 348
519 631
347 422
411 20
98 77
62 306
968 483
657 212
496 684
131 9
573 927
130 902
385 996
239 839
645 884
111 642
523 896
814 601
975 327
959 794
380 583
990 244
250 719
510 520
429 174
734 802
970 516
342 26
714 476
103 284
577 818
920 536
856 439
662 582
358 885
219 162
853 817
343 663
281 5
748 612
324 79
899 112
28 97
772 195
678 661
226 738
395 733
709 670
384 381
681 90
716 166
564 183
675 607
93 703
864 33
232 298
335 920
534 807
47 889
961 3
918 541
829 895
687 17
225 753
375 862
997 922
326 267
638 111
208 141
29 270
587 961
693 591
747 278
955 988
720 290
464 311
161 335
202 855
762 25
449 414
257 286
397 689
23 155
60 221
97 176
977 922
502 895
688 31
403 670
950 131
26 69
246 443
794 630
670 492
967 290
208 591
642 890
36 612
299 152
91 604
186 210
14 111
614 47
37 14
149 266
803 399
338 409
607 259
988 289
685 277
338 247
955 137
749 301
200 630
870 199
150 729
463 161
144 848
182 967
391 704
507 856
783 356
666 808
398 258
572 865
12 411
128 13
581 559
391 475
660 883
5 883
426 737
611 463
260 201
890 305
698 185
666 403
236 30
8 479
943 390
958 507
621 76
476 144
43 623
300 160
91 456
155 697
266 910
476 506
612 615
998 33
147 549
830 679
23 82
183 265
839 890
413 780
325 884
866 35
320 500
832 976
683 192
348 85
491 757
892 550
230 189
727 661
654 279
802 552
276 732
532 451
810 881
447 494
657 894
878 604
889 721
718 599
559 720
645 754
248 170
671 381
788 600
440 415
774 461
476 107
368 623
641 41
91 601
662 879
483 494
797 604
585 924
267 690
339 491
649 446
734 936
659 700
468 331
117 683
160 393
198 307
389 79
988 278
166 548
359 106
393 377
106 346
165 263
427 35
163 309
380 186
753 813
754 296
280 674
923 463
551 977
749 843
64 312
961 936
145 39
734 691
997 250
473 280
721 752
762 272
315 595
906 5
955 596
25 892
382 674
301 540
255 503
900 585
598 487
442 600
373 150
526 831
893 477
935 283
440 729
476 44
735 432
688 553
403 808
716 492
488 318
575 97
54 920
233 448
9 792
485 621
753 61
380 736
932 215
550 926
110 663
644 683
411 985
921 170
971 39
343 396
236 619
133 336
758 392
422 684
871 254
77 697
990 88
132 908
53 124
36 678
784 398
903 162
787 121
761 990
671 947
461 768
164 108
4 126
787 147
600 426
66 85
519 704
387 467
626 166
598 462
925 207
482 178
49 83
459 756
677 535
357 458
44 412
702 813
775 191
50 621
483 404
64 138
77 888
786 474
698 322
938 987
163 740
647 839
38 892
887 871
200 713
262 438
230 453
661 299
498 550
838 370
218 280
987 464
661 691
591 648
799 148
124 767
724 402
51 128
841 712
747 133
342 954
472 100
223 445
85 889
642 752
436 389
891 329
129 283
826 365
303 355
270 392
322 389
60 901
692 771
519 275
243 195
115 84
815 944
861 410
961 844
378 112
687 372
672 19
557 296
225 516
469 149
179 738
679 497
269 80
651 211
37 849
115 652
476 947
86 534
898 111
695 943
862 156
220 738
110 314
938 866
725 122
102 668
234 111
911 832
117 936
791 195
588 478
255 677
148 581
762 594
43 368
274 502
610 189
39 66
361 34
686 734
746 331
270 194
671 738
269 429
647 89
345 577
195 574
963 201
151 604
278 399
172 746
958 742
755 602
827 65
316 648
612 359
268 604
96 932
677 743
55 381
407 126
984 431
580 246
572 644
690 340
503 899
993 975
71 867
100 293
156 180
84 247
792 145
520 217
640 14
921 90
32 755
682 996
437 618
77 553
708 323
95 746
128 256
670 573
553 271
113 603
407 29
493 474
813 537
577 470
371 916
79 335
332 131
867 31
407 310
927 794
816 809
133 10
494 940
934 487
560 816
15 303
760 137
115 287
953 163
643 142
93 554
763 210
263 538
798 258
152 791
449 967
373 730
525 72
557 641
470 305
639 226
152 326
434 420
610 313
959 921
651 414
649 380
152 256
901 3
151 346
428 745
294 252
821 707
269 759
951 812
954 295
901 664
11 796
298 921
125 933
819 402
75 498
380 677
267 507
234 379
867 243
280 408
625 131
277 135
871 492
131 554
717 725
995 382
377 965
483 238
241 421
745 367
833 453
521 803
352 769
554 445
405 448
583 151
399 729
178 163
602 955
947 525
957 959
206 81
384 340
666 78
858 463
293 334
449 180
485 49
251 645
993 157
81 870
926 396
796 243
638 698
439 687
83 338
84 58
946 508
298 13
706 508
572 725
67 922
485 114
547 842
192 451
547 288
828 720
353 786
868 828
999 665
36 349
752 84
343 689
171 419
654 350
896 158
699 805
967 776
11 412
472 51
858 184
357 873
737 404
683 564
282 528
191 163
548 736
942 641
202 839
685 667
421 409
327 118
194 418
725 243
622 62
967 809
278 590
825 37
324 628
569 695
987 587
940 892
659 285
464 516
840 954
660 760
765 323
460 490
518 536
873 992
611 188
5 958
648 667
940 455
929 620
902 888
859 169
321 945
182 736
371 768
358 110
28 196
601 631
106 756
931 716
575 90
821 409
565 783
212 426
26 899
245 161
662 177
734 519
81 269
200 709
706 67
601 261
162 166
733 106
430 505
957 496
203 597
112 322
428 376
245 86
864 830
515 127
287 247
423 159
98 93
789 959
330 519
290 52
664 239
742 424
252 629
815 218
409 750
568 106
910 565
984 430
536 547
215 146
954 662
652 87
887 372
337 843
838 106
968 416
435 205
911 252
311 628
614 557
830 248
202 422
942 73
306 795
775 263
574 709
806 538
791 578
235 142
569 700
387 366
461 308
328 603
684 315
3 634
382 957
228 712
752 138
392 130
756 314
962 973
699 157
20 238
53 100
556 304
392 319
484 800
695 828
313 270
978 577
317 834
691 62
792 369
337 122
321 771
637 552
915 545
954 765
643 640
945 561
765 309
394 152
758 764
384 956
820 9
779 161
481 434
177 468
591 727
894 737
645 591
783 839
119 368
295 650
157 419
73 830
50 577
404 498
268 894
828 360
707 33
325 928
682 605
355 884
107 311
725 403
271 83
695 205
667 158
855 832
46 890
255 941
999 466
161 834
739 914
17 541
171 177
844 897
37 566
574 72
825 844
641 398
404 180
17 645
225 269
837 410
923 835
344 524
375 665
645 364
166 212
161 101
937 941
762 922
221 66
670 630
430 555
38 476
559 84
529 507
263 987
549 902
47 40
600 206
792 508
756 292
570 79
617 174
376 602
725 557
927 342
407 769
388 703
345 330
749 792
563 292
759 204
211 797
135 126
931 999
493 702
579 261
11 201
941 43
267 91
888 886
54 772
620 469
225 748
332 275
897 124
98 434
935 19
492 62
783 497
468 611
34 508
773 51
748 692
201 848
432 413
968 842
895 73
906 342
415 391
270 532
144 684
691 155
186 956
875 723
178 517
824 382
963 569
198 372
369 614
792 321
57 307
215 773
997 313
29 217
660 787
824 753
253 276
98 770
259 172
109 344
556 406
443 556
564 313
891 386
7 385
384 307
548 25
851 971
613 152
265 80
850 509
48 773
853 304
826 995
936 446
260 779
226 176
353 122
81 121
751 985
282 42
307 368
772 132
368 279
106 977
2 41
63 568
689 909
315 275
49 546
540 814
190 782
112 823
237 635
766 60
286 855
869 973
318 830
68 823
344 774
145 858
755 407
61 664
63 605
100 403
849 731
10 169
110 278
329 670
852 963
760 335
364 742
261 198
380 792
714 735
785 875
949 78
665 374
122 946
366 552
812 82
295 154
808 779
153 894
930 859
58 774
793 357
430 594
741 17
890 690
497 991
910 716
859 504
0 130
961 602
379 347
718 990
735 188
729 847
954 611
862 744
251 128
374 122
487 73
850 90
37 240
101 76
284 458
383 950
492 31
277 722
481 618
206 705
620 724
497 105
909 865
730 739
3 166
35 323
619 276
583 517
951 54
842 16
933 764
12 418
976 138
980 816
301 392
129 136
444 638
916 741
78 467
433 358
213 714
876 300
743 682
801 477
644 105
972 746
751 908
478 345
162 357
449 72
321 642
899 991
73 238
910 472
945 742
888 766
358 178
526 191
653 573
595 168
34 211
927 643
53 991
594 671
868 526
832 677
475 659
415 586
88 368
771 486
123 662
106 231
306 753
523 170
900 698
458 112
451 322
198 793
420 208
236 904
171 872
844 947
991 257
393 165
460 496
423 825
728 606
116 261
173 515
584 929
189 997
705 715
300 761
503 608
823 564
743 776
482 527
899 751
983 965
230 388
939 811
174 520
178 531
890 764
211 188
50 783
438 441
757 483
385 788
109 443
794 183
40 779
647 479
272 92
249 542
970 498
887 59
372 628
247 240
351 296
623 600
395 960
593 243
26 789
197 959
36 766
401 821
650 701
636 405
119 750
152 470
696 493
773 230
493 91
250 587
375 109
414 300
281 929
157 342
195 469
414 447
433 262
393 385
138 930
598 755
716 266
600 642
733 80
537 679
485 905
303 14
663 806
516 562
422 965
123 392
572 439
166 678
750 598
797 487
851 981
393 911
307 92
286 166
84 398
998 322
656 280
483 85
459 449
300 264
536 521
865 539
538 263
466 770
336 130
153 765
978 572
312 868
824 86
661 701
754 252
330 532
650 191
528 541
566 856
132 145
569 423
602 187
545 33
534 334
475 863
793 229
370 617
920 302
159 366
305 388
531 974
343 783
783 711
509 858
508 65
318 697
303 878
754 21
380 552
669 726
899 697
458 36
512 593
557 41
364 72
310 542
889 505
826 249
59 878
139 984
450 926
495 164
68 592
126 357
520 130
45 670
580 634
903 341
775 656
611 322
403 967
889 592
11 991
582 733
491 456
896 58
148 380
891 95
470 521
673 999
968 969
448 82
979 225
549 109
356 883
918 467
185 311
997 486
915 845
817 198
913 456
191 533
125 647
205 300
760 573
215 774
904 395
115 807
642 423
470 824
499 564
465 746
328 733
647 340
117 302
517 107
938 978
804 108
10 499
707 553
989 337
620 926
582 42
233 552
910 466
784 393
215 623
930 74
141 388
657 557
54 512
295 285
627 618
99 236