5000
525 333
750 800
6 850
295 47
370 907
506 766
804 85
98 333
836 993
107 361
382 378
196 867
688 897
352 131
353 295
315 649
645 62
938 319
725 932
827 606
803 765
900 124
539 132
991 15
109 199
363 177
302 868
470 664
598 915
814 656
285 849
119 175
975 933
438 548
359 156
252 733
319 932
287 92
173 558
410 894
209 885
981 800
491 758
727 150
529 227
903 849
414 24
923 451
102 496
863 722
806 108
871 279
121 818
232 883
109 503
128 949
965 241
30 714
311 995
292 169
508 285
473 418
360 111
619 562
495 498
457 221
248 427
271 25
550 493
883 643
281 746
932 25
44 325
682 35
687 159
944 814
420 189
238 847
903 450
315 408
862 326
800 402
464 498
136 591
554 15
867 754
940 139
418 422
914 159
108 336
607 823
159 457
572 550
891 148
198 326
584 305
222 321
815 267
18 520
78 516
400 237
5 595
50 486
38 711
77 961
170 387
147 694
582 526
937 382
164 925
987 166
525 296
459 40
668 918
241 598
910 477
436 987
310 18
879 48
805 361
575 536
214 706
632 665
143 776
718 223
516 351
673 575
102 18
899 333
201 598
955 26
251 670
204 901
631 163
671 85
842 176
724 328
725 904
960 883
488 956
56 703
368 45
156 428
832 402
583 549
27 95
931 543
153 554
961 751
119 683
334 487
593 487
121 749
195 321
72 785
677 854
707 872
420 867
776 561
149 933
933 732
101 757
37 10
356 486
385 773
377 84
504 45
286 275
569 827
971 393
469 502
376 905
98 439
108 909
601 3
947 263
937 54
245 156
237 534
97 525
144 323
856 356
921 736
998 632
233 406
202 596
145 822
519 482
881 257
852 863
699 558
454 859
182 894
373 464
455 600
67 485
825 52
121 950
237 774
268 801
117 385
348 255
10 638
838 628
637 928
679 534
290 692
856 14
17 394
338 30
759 650
167 96
281 894
344 750
728 323
724 27
304 514
85 500
66 537
471 533
242 857
106 556
882 203
919 756
661 356
352 481
649 139
647 714
11 491
616 456
254 201
907 105
46 500
777 577
487 475
328 614
683 471
337 895
936 759
231 897
391 794
18 197
425 101
217 552
36 160
846 728
899 327
44 560
796 338
43 817
803 113
164 70
780 184
608 674
918 459
906 336
858 542
893 974
899 420
776 798
455 818
175 26
27 894
491 524
86 185
601 496
932 415
303 847
762 527
779 785
889 571
222 21
411 334
357 40
243 212
169 504
665 27
212 691
19 484
900 481
223 686
437 603
612 23
654 486
857 488
493 296
717 340
590 350
30 756
254 95
237 250
807 769
150 16
564 478
309 613
276 474
852 139
315 116
145 384
28 166
868 446
995 171
230 913
926 165
670 277
660 56
725 450
70 638
337 517
170 687
870 612
702 124
200 997
617 921
782 859
685 845
176 534
921 255
649 751
363 718
575 197
10 877
511 454
226 698
214 814
817 874
290 549
198 106
840 216
153 396
654 486
829 540
424 485
930 342
600 393
944 711
830 552
654 28
295 341
368 986
530 838
590 83
998 884
9 850
135 160
320 827
231 20
161 194
337 901
836 94
472 523
369 402
862 482
762 392
882 136
682 946
585 843
189 958
676 350
257 581
90 360
930 953
604 82
492 305
758 723
105 978
294 578
666 803
909 70
130 469
298 909
983 101
478 936
17 504
586 87
853 946
52 718
619 634
785 723
826 326
876 467
806 294
652 297
728 888
484 778
580 415
948 336
920 320
725 600
608 540
18 242
998 787
706 613
750 659
1 668
40 372
134 249
799 879
736 340
958 579
929 977
426 267
989 187
459 903
387 968
108 566
602 771
546 333
919 808
81 958
298 808
673 616
753 937
903 407
524 328
192 352
552 798
481 764
71 821
35 502
492 429
754 802
556 519
420 195
992 917
30 321
487 427
489 182
808 551
556 212
694 57
675 436
492 790
421 949
199 415
268 328
171 689
574 692
94 625
528 938
592 302
305 919
700 330
684 369
160 214
16 104
24 434
658 211
130 758
458 780
490 327
531 377
781 417
683 48
842 493
634 406
204 248
784 516
589 993
567 86
941 228
488 657
224 183
169 801
437 184
900 508
618 25
434 999
677 153
206 435
862 456
239 746
616 863
909 660
294 786
125 369
242 987
959 490
440 84
885 217
650 953
718 905
301 63
752 588
512 741
27 359
348 870
898 828
455 599
421 35
187 411
290 237
363 209
547 536
766 574
928 864
292 597
837 840
573 776
902 404
297 217
998 354
986 793
607 181
286 564
180 374
88 936
515 455
966 280
910 677
909 825
184 130
520 544
893 931
104 941
114 741
989 89
147 399
155 159
795 44
288 282
150 247
425 83
155 683
372 637
821 830
560 240
17 522
521 541
713 744
192 804
447 689
783 72
581 162
562 932
97 627
89 117
591 644
106 499
926 956
779 676
452 512
637 839
21 581
828 842
807 986
915 793
9 428
228 644
857 247
549 531
501 670
110 384
354 664
815 313
592 487
23 857
223 438
215 891
426 998
37 690
441 781
660 991
572 356
568 623
227 539
759 120
852 451
835 721
980 647
596 99
950 328
603 880
665 92
986 543
171 34
254 32
508 189
934 722
621 323
382 519
55 736
836 456
736 252
651 954
121 533
214 717
283 2
748 589
847 958
705 759
396 141
326 354
499 558
143 831
79 885
514 494
817 44
784 486
735 293
915 417
540 375
927 250
763 114
957 820
109 256
866 32
498 67
63 690
860 941
874 17
543 960
945 561
620 402
406 975
93 532
454 928
499 527
804 190
731 756
475 328
359 935
64 677
648 39
142 749
41 709
42 276
951 318
359 876
253 758
708 878
300 211
17 700
120 251
857 654
213 115
185 791
792 926
535 739
234 558
894 159
399 753
13 805
469 363
303 75
808 700
373 927
682 934
567 81
792 510
955 901
567 308
364 995
61 8
795 773
469 435
395 4
90 943
926 136
748 988
933 418
721 369
261 431
890 843
101 811
142 180
612 479
173 523
407 570
218 531
280 111
692 387
466 8
102 882
945 551
401 357
463 101
147 431
520 985
585 660
271 302
696 753
561 729
193 555
511 622
459 386
554 78
123 114
431 191
230 615
658 384
911 882
486 895
515 636
530 586
546 437
400 470
328 801
735 375
337 617
864 492
940 10
981 854
254 803
901 933
63 112
805 887
50 958
777 902
189 483
407 413
857 635
68 903
123 529
896 139
145 168
861 360
856 469
333 937
170 900
745 510
37 595
566 743
30 358
81 925
773 64
579 70
874 82
864 340
141 604
578 28
107 613
986 798
724 577
326 261
674 54
302 629
852 618
305 284
568 621
853 719
231 79
795 978
265 86
760 659
698 149
15 683
429 20
324 754
740 848
556 494
642 808
673 200
775 659
986 867
331 569
38 753
238 372
977 796
539 610
879 942
37 946
333 950
618 945
439 720
932 136
196 47
886 524
253 633
548 337
565 655
539 699
43 248
351 643
330 129
531 715
257 819
571 974
486 456
310 743
166 571
208 404
848 684
835 926
695 901
117 136
14 693
764 10
806 614
758 161
882 668
198 356
756 588
328 462
752 510
390 283
494 57
563 176
701 610
76 484
819 960
327 597
193 200
123 864
587 752
551 929
37 729
15 99
369 206
744 92
270 779
469 440
762 900
818 833
7 788
422 392
596 983
605 874
114 804
667 818
687 522
877 447
456 653
866 538
750 821
719 254
243 652
535 643
303 498
105 817
803 519
779 110
974 716
733 957
885 646
872 147
925 72
262 407
589 171
299 989
551 349
888 150
973 364
256 312
752 101
660 862
843 302
305 92
942 483
609 361
751 9
327 440
482 509
508 853
417 120
30 185
791 474
584 10
175 639
285 235
802 962
54 363
4 365
307 764
728 722
622 722
218 49
459 133
314 615
67 517
617 231
704 882
163 168
11 101
908 42
89 543
568 837
156 12
27 665
318 466
423 564
552 220
875 123
816 814
984 657
49 28
631 973
196 643
782 338
981 140
794 8
320 33
103 99
642 341
722 421
436 476
615 197
370 955
294 323
202 822
665 486
984 533
344 300
935 906
45 518
49 561
412 534
823 860
522 797
420 930
399 605
843 36
741 272
690 452
32 724
86 210
848 795
534 900
841 923
115 440
932 46
860 298
6 487
417 861
278 98
182 472
284 670
7 646
221 851
346 761
899 914
735 701
281 5
708 389
652 475
526 100
302 816
650 137
540 167
322 432
102 197
643 329
55 692
690 432
242 224
983 400
260 513
626 476
969 310
273 732
375 802
211 200
399 510
199 756
762 419
62 384
575 426
968 883
530 586
434 875
977 148
180 532
320 751
409 731
988 955
72 613
13 556
911 185
348 701
351 854
508 118
362 658
589 732
49 201
123 852
946 46
925 491
823 281
841 493
674 173
773 368
476 389
817 900
285 338
96 33
981 163
422 213
521 770
675 753
746 255
44 686
375 723
859 233
770 699
29 689
912 295
521 985
762 94
729 718
449 720
169 78
774 360
508 195
319 355
173 203
686 113
267 509
267 831
190 754
250 511
614 150
111 285
764 658
718 326
71 503
111 207
104 224
558 919
562 532
625 506
24 215
138 859
59 141
228 310
531 954
779 807
978 801
20 306
944 678
956 832
217 930
612 642
947 123
393 230
676 717
658 851
48 346
442 418
751 817
614 587
85 69
97 169
548 917
794 771
340 979
735 736
322 412
971 910
350 283
866 815
214 978
718 129
88 822
642 585
789 853
571 363
641 319
759 496
159 238
93 684
218 484
564 770
494 151
136 655
796 980
847 240
732 717
977 457
405 872
606 667
416 966
9 177
523 195
674 152
641 369
970 568
230 860
127 547
216 658
775 328
554 89
794 996
202 156
864 679
690 884
177 390
644 535
75 939
958 47
478 637
428 289
428 284
325 552
988 781
798 279
141 534
803 352
176 256
532 51
86 334
52 589
872 294
804 708
158 938
702 133
559 51
502 915
791 556
19 29
214 502
595 786
773 349
676 611
684 718
799 373
375 491
846 249
607 565
734 266
636 941
432 147
216 199
426 826
151 555
835 197
187 673
203 519
756 344
344 79
372 620
421 662
280 842
125 155
266 200
133 676
323 886
96 683
583 187
948 579
497 86
513 797
269 42
314 803
388 124
92 576
178 780
291 987
787 182
580 614
764 652
725 799
247 74
865 698
270 909
631 184
344 288
90 905
369 405
708 106
299 677
307 442
83 220
309 631
478 636
992 424
731 916
834 838
770 428
511 156
609 72
289 696
808 127
394 61
306 447
389 582
268 830
106 945
186 463
464 630
269 23
580 875
201 588
352 941
58 777
791 901
366 296
925 85
293 101
948 621
478 106
729 198
196 284
172 377
933 409
614 205
682 325
733 84
522 416
939 345
874 213
437 649
999 801
407 283
340 910
757 564
975 596
292 339
189 987
766 166
910 839
285 279
419 936
247 263
628 340
855 630
134 412
916 628
458 768
595 982
664 63
848 640
2 872
314 123
333 790
468 140
218 539
399 729
340 908
869 368
217 101
672 702
683 609
689 745
97 751
677 667
710 956
642 315
635 290
623 562
928 450
793 822
341 475
617 350
503 798
59 579
199 37
674 191
228 16
343 54
200 532
833 277
168 601
670 659
397 662
511 402
984 258
321 754
235 58
840 147
570 850
126 620
800 682
137 493
853 431
579 557
685 202
403 809
828 953
937 378
70 776
638 610
747 612
865 250
455 924
86 59
368 972
562 447
528 671
298 947
523 912
960 388
866 205
623 26
797 57
630 493
368 220
0 571
508 322
741 260
854 517
601 50
709 399
178 184
325 800
143 133
736 895
627 197
244 393
625 221
888 788
602 465
392 7
634 763
336 808
136 530
780 9
148 821
966 672
555 426
337 753
893 592
66 154
312 917
111 851
301 381
784 655
368 8
409 444
454 270
41 627
639 169
85 548
714 471
414 834
288 443
241 30
768 367
789 467
426 456
175 85
79 166
73 662
285 607
873 639
409 463
821 47
637 517
581 731
649 901
337 426
493 741
705 196
277 975
451 87
453 914
655 173
324 829
7 653
669 713
674 476
823 946
672 440
695 650
63 49
132 698
675 148
576 182
581 917
254 787
538 97
358 991
692 438
830 645
479 703
667 164
25 703
125 420
292 241
264 956
136 26
966 634
601 572
322 864
240 735
664 303
773 382
945 971
930 620
354 51
371 769
259 411
226 660
933 472
7 911
501 103
844 570
541 834
46 989
194 504
695 269
856 968
113 434
993 826
469 691
348 474
890 142
362 25
425 896
884 978
876 813
417 798
455 605
684 845
934 123
585 474
158 451
928 801
729 472
586 967
529 103
857 38
445 459
172 20
841 702
703 967
119 208
897 871
460 735
927 848
886 404
62 962
385 958
854 407
385 349
329 176
297 924
379 444
930 460
740 494
687 666
472 922
437 52
456 380
376 485
314 358
569 266
787 516
220 904
60 36
805 60
586 879
378 927
951 183
604 228
663 749
87 496
397 888
345 260
995 699
351 161
968 363
115 962
812 59
50 743
472 71
674 211
720 666
720 859
138 580
959 440
592 259
637 972
760 788
239 190
758 622
869 649
799 420
648 695
30 925
40 829
956 458
794 676
416 331
15 444
886 462
552 76
748 341
188 762
135 138
700 467
636 154
838 288
130 420
173 670
109 557
402 192
878 385
68 995
885 975
58 494
1 713
457 83
478 159
458 15
973 903
59 394
217 675
549 810
61 208
109 819
852 622
204 155
464 136
625 357
156 522
287 45
125 698
697 690
299 181
449 757
261 575
208 509
994 22
375 180
884 795
356 921
711 334
329 683
224 493
599 382
8 992
272 85
640 676
393 485
630 979
926 354
861 988
375 504
907 652
96 136
915 961
303 981
91 63
46 522
881 185
585 146
934 957
801 939
884 684
383 199
292 660
828 377
736 237
437 529
399 492
260 884
214 343
305 883
676 334
895 605
710 954
739 580
337 877
512 554
71 53
670 685
712 982
145 166
497 851
661 610
162 745
766 947
610 368
758 246
141 647
888 769
581 83
682 129
630 843
399 781
395 155
90 411
599 404
487 693
622 788
707 584
930 87
948 353
73 737
754 27
595 846
325 673
913 409
808 60
993 389
51 690
22 731
191 612
548 641
251 651
330 571
691 606
472 481
168 858
456 581
274 446
345 151
753 985
990 455
396 515
901 406
184 869
675 441
306 685
300 866
648 882
601 165
746 593
298 77
398 978
763 633
257 290
156 382
121 413
671 633
535 911
150 481
770 632
157 295
22 106
819 644
972 296
390 77
123 653
684 373
948 61
894 663
859 676
71 662
17 817
682 628
863 503
57 699
413 944
610 19
496 534
244 33
617 288
743 248
74 557
625 118
404 688
813 638
405 776
727 669
637 2
186 731
639 581
618 449
556 58
269 697
570 446
555 742
508 462
287 689
812 854
366 884
860 590
653 191
353 577
991 486
304 347
587 587
99 126
916 101
404 217
498 236
386 542
701 839
761 582
794 980
188 444
199 556
222 306
888 953
373 92
332 412
664 471
81 367
975 461
955 996
913 81
324 120
387 793
958 640
916 284
828 334
270 130
839 368
158 362
283 821
781 708
921 900
71 924
560 356
64 407
797 650
254 46
305 738
522 620
585 101
352 485
121 866
470 821
18 636
722 178
483 161
675 527
59 867
122 125
84 428
889 272
115 266
241 212
836 237
714 891
123 609
163 324
133 269
625 592
117 502
196 444
850 768
261 302
333 243
508 167
57 126
7 268
251 714
276 80
497 13
431 161
335 354
431 213
468 914
794 625
491 825
737 997
70 695
231 968
564 257
179 572
507 435
236 246
89 29
620 892
436 79
213 387
386 962
392 235
306 301
733 129
361 409
645 802
585 497
75 111
668 193
65 970
182 410
702 210
888 158
181 766
305 655
889 524
719 959
172 429
731 11
607 967
339 305
556 614
857 803
535 440
656 343
467 315
398 436
504 150
429 587
562 817
12 991
990 305
819 491
45 116
148 95
19 901
700 503
321 37
104 80
862 335
317 974
116 733
648 103
31 756
572 422
993 17
433 126
968 550
729 523
520 349
295 694
821 376
873 117
625 331
516 540
908 311
918 252
674 259
662 830
14 649
663 789
268 50
108 213
443 951
46 707
353 181
57 683
113 156
501 840
880 76
591 652
750 701
759 172
423 497
237 758
929 248
477 682
112 248
265 738
180 39
318 720
380 335
574 234
908 428
780 780
634 589
711 563
247 300
173 633
640 180
217 738
972 94
696 354
960 528
349 304
870 443
676 811
637 935
387 424
873 957
20 557
3 80
135 301
731 401
484 753
569 990
887 119
900 167
412 993
402 812
930 4
997 270
820 291
479 465
530 456
20 514
822 255
686 91
58 887
390 512
583 550
662 293
57 816
36 414
694 523
912 290
605 17
382 205
235 163
567 785
944 399
194 360
496 870
192 849
86 757
725 868
539 413
834 532
436 217
440 760
698 572
375 269
386 140
172 68
405 399
33 195
738 832
318 299
438 798
797 958
126 266
347 210
931 810
226 663
581 983
300 81
667 447
955 513
485 488
739 326
373 962
752 332
690 952
444 79
980 451
265 958
574 690
964 774
572 17
978 74
126 845
725 124
661 578
455 587
723 185
320 905
135 634
82 927
317 177
152 15
324 96
63 677
513 65
541 140
954 446
734 593
12 416
630 526
525 368
680 861
494 228
445 462
80 657
65 455
360 794
863 128
949 659
620 696
389 228
49 223
24 229
530 520
524 419
803 418
47 812
339 941
659 980
584 620
132 709
330 778
589 572
276 685
921 782
276 842
733 527
156 67
394 162
113 804
728 802
473 470
838 883
778 101
287 198
109 837
310 744
696 484
282 134
763 259
260 574
371 671
973 197
394 150
229 369
632 888
846 866
163 124
279 322
785 795
20 221
286 109
867 943
713 223
177 585
849 598
403 968
157 515
817 762
560 226
860 989
363 408
145 214
829 384
661 547
462 874
600 974
545 858
374 350
775 752
584 955
512 601
2 870
733 218
421 43
113 820
436 868
974 856
116 131
155 967
453 275
803 119
765 555
705 926
500 665
7 796
82 663
174 817
644 525
848 440
669 835
585 495
649 856
236 148
109 132
370 533
874 662
173 540
145 995
482 293
88 916
485 246
74 914
855 746
501 665
626 593
701 550
101 48
790 62
458 400
607 181
277 822
425 744
560 47
990 759
369 733
999 634
165 258
718 183
477 311
138 629
735 402
793 937
960 851
536 122
477 665
725 491
696 853
485 756
943 770
602 557
137 176
292 137
210 740
681 795
366 677
63 815
538 150
837 351
222 987
522 656
606 226
765 633
176 399
867 104
744 163
432 713
550 786
948 619
617 312
406 73
869 400
87 90
408 89
877 53
115 133
424 620
212 798
570 884
576 336
439 207
269 813
339 478
925 41
227 638
238 563
859 285
7 628
615 353
5 647
597 462
332 821
56 506
993 107
296 639
756 971
292 292
355 452
881 104
81 159
788 588
621 759
587 572
303 60
498 954
197 684
346 846
260 318
851 70
666 85
634 134
80 677
742 773
950 669
637 372
438 248
523 683
618 506
154 257
993 828
693 895
652 364
446 210
695 669
728 148
531 318
150 630
601 241
578 972
593 994
978 173
376 746
613 165
32 687
892 496
953 786
91 309
773 612
414 205
194 109
624 944
432 531
71 618
298 428
564 862
433 881
878 791
516 271
54 319
332 170
725 662
580 303
377 961
197 535
518 356
663 756
418 109
493 737
137 143
71 890
471 79
658 389
804 295
77 427
481 293
642 743
721 415
109 186
170 477
800 897
115 10
316 92
40 648
357 235
960 16
237 526
15 187
536 833
952 624
399 723
746 675
502 754
196 398
408 37
211 502
858 334
47 844
437 249
38 614
501 341
88 978
438 382
690 462
983 444
678 199
894 731
975 220
667 152
954 87
913 909
815 576
663 786
288 93
564 736
401 273
345 795
229 159
824 619
833 444
906 959
209 407
623 71
17 166
270 764
895 910
165 590
147 46
642 673
400 689
863 549
340 718
140 9
587 790
103 516
490 841
798 255
95 373
77 578
150 988
611 865
943 464
599 763
875 246
696 232
724 885
834 84
468 297
660 291
246 256
934 771
745 257
919 673
803 252
405 1
706 969
478 677
286 1
51 737
346 107
629 185
793 668
559 544
637 542
363 670
722 596
72 765
305 327
137 128
297 512
137 527
169 587
931 108
400 364
646 524
628 688
389 42
225 906
316 982
986 457
606 229
267 915
500 613
159 977
432 407
765 334
359 194
277 516
781 592
33 253
563 79
294 147
923 782
98 268
404 537
79 470
329 692
285 75
891 816
183 617
335 828
971 697
82 532
765 569
721 238
621 528
430 119
956 262
380 241
734 886
875 831
770 633
655 391
501 895
75 522
467 748
979 259
111 645
303 521
691 30
851 603
552 898
891 335
841 462
924 111
83 258
78 625
796 77
341 906
941 548
591 214
898 278
504 38
406 719
673 766
763 735
911 234
735 887
671 76
178 647
247 933
164 663
912 406
707 240
655 609
26 253
475 593
854 892
762 251
914 899
852 47
370 496
912 327
252 594
533 186
26 325
48 349
44 518
29 688
163 636
753 713
712 215
204 839
867 712
156 724
16 28
828 911
667 621
715 374
564 791
553 421
750 324
621 949
297 949
673 428
319 590
431 740
92 269
157 51
830 734
131 919
412 566
454 996
955 778
412 459
612 643
400 800
345 40
528 424
870 376
593 757
948 275
780 40
216 603
538 370
435 76
203 415
322 581
412 807
998 955
711 546
350 985
348 0
520 853
854 130
903 705
240 448
229 109
166 664
506 766
983 48
461 525
584 232
967 254
757 927
391 59
256 416
951 301
716 32
110 615
602 39
551 263
322 425
167 65
343 864
84 577
457 536
368 373
406 102
597 29
762 798
58 672
818 56
380 132
601 909
360 529
906 204
404 963
956 60
957 571
475 381
403 921
835 191
425 439
480 758
753 221
409 233
853 788
426 477
927 825
305 243
833 585
440 667
313 579
393 332
108 191
536 105
260 665
538 865
212 785
603 690
72 330
237 971
97 548
492 805
238 609
687 238
542 193
537 538
762 139
941 901
216 440
24 834
873 997
848 817
476 613
563 168
428 864
66 841
716 237
452 844
883 359
847 617
411 567
969 100
707 229
108 861
548 676
704 210
656 890
523 348
958 48
932 75
410 404
445 735
306 689
886 988
668 800
229 128
491 61
427 141
136 680
699 990
820 934
364 239
436 331
790 453
213 30
801 63
703 826
312 480
606 29
613 954
411 398
510 153
34 256
861 969
269 901
373 396
709 673
904 284
976 981
750 18
574 563
175 8
333 989
98 769
453 629
214 627
590 120
965 886
93 300
377 348
478 146
806 605
867 938
727 621
658 3
293 212
180 731
434 411
538 361
732 206
538 524
117 778
344 152
918 164
552 45
836 419
31 131
779 139
953 14
519 495
380 969
241 786
612 882
918 466
81 459
172 186
946 112
37 907
732 82
798 566
870 391
770 888
20 739
47 90
115 495
98 132
404 180
942 670
2 468
583 251
893 390
469 602
441 764
596 954
24 642
960 329
204 365
582 153
57 166
198 240
967 970
772 674
357 223
142 605
744 757
368 577
396 750
939 546
402 259
564 187
639 549
192 665
461 581
189 801
154 905
460 919
990 243
67 4
163 79
623 603
413 496
934 552
40 568
122 21
881 787
642 499
181 726
339 889
157 18
475 284
427 687
102 203
166 334
113 902
449 631
340 371
251 99
981 868
815 767
191 952
883 166
346 692
69 922
883 126
674 719
4 974
280 340
119 370
843 375
844 636
989 723
905 874
870 0
65 89
84 864
965 663
355 345
887 124
725 836
150 60
661 985
28 148
302 661
219 678
120 57
901 634
546 752
243 907
195 501
757 724
346 534
209 597
294 657
111 574
776 569
616 558
93 829
566 240
567 13
55 11
426 610
523 541
604 729
213 51
998 708
951 535
615 581
885 399
488 48
772 582
690 468
611 49
515 405
135 88
432 833
85 143
125 452
617 759
895 123
651 454
514 314
801 400
710 906
455 513
388 595
931 16
783 241
677 769
654 174
971 87
381 156
339 259
331 381
274 86
751 353
266 528
892 603
576 402
651 281
722 214
199 6
279 696
723 989
49 409
752 740
942 41
939 107
581 878
747 951
19 901
624 640
469 124
535 107
31 361
546 68
723 811
36 924
582 11
690 571
700 750
429 307
324 226
764 57
949 738
583 519
192 80
174 338
544 846
223 198
804 362
351 273
573 259
136 339
50 828
976 64
977 116
818 279
24 790
814 154
193 716
691 890
588 4
357 686
863 212
834 216
569 415
590 364
596 203
414 806
240 454
425 663
372 390
970 955
375 130
91 115
429 904
308 322
605 283
561 85
791 112
73 532
571 366
947 664
116 119
203 56
180 895
833 340
849 801
786 541
373 136
465 975
843 649
998 92
453 346
374 990
931 775
227 616
325 633
354 857
530 307
746 15
609 747
724 172
525 744
974 599
725 182
370 626
169 284
804 764
993 518
584 786
7 732
265 270
933 142
527 76
393 746
224 437
509 556
86 882
202 656
473 599
757 271
284 793
210 940
842 69
61 826
811 279
495 172
210 116
917 256
422 508
85 153
72 71
146 951
356 723
558 757
856 479
823 631
25 256
490 278
325 37
932 658
372 64
536 355
968 116
378 83
195 758
194 843
999 33
653 401
376 146
645 195
710 548
824 419
535 217
790 670
265 543
228 330
829 258
597 820
367 939
320 436
602 797
477 558
0 111
65 629
127 51
410 413
127 403
988 565
480 994
265 928
793 294
191 207
723 824
419 492
612 197
347 269
327 893
777 275
792 173
356 15
485 235
521 272
641 118
342 91
338 479
751 671
386 408
281 843
690 495
60 799
690 446
366 20
158 371
394 161
763 375
632 819
287 653
150 687
205 522
756 799
304 163
708 184
943 303
680 572
407 234
766 520
558 250
479 532
851 234
781 682
508 193
458 701
775 942
133 376
578 554
480 903
325 122
349 782
365 784
343 109
516 869
860 596
812 653
224 417
731 199
669 323
847 775
750 49
354 457
75 468
609 724
559 566
671 785
533 446
855 367
841 10
902 341
587 535
247 475
901 7
736 477
654 359
1 116
664 900
189 699
715 178
361 467
868 249
913 899
776 780
442 512
995 447
778 933
221 76
499 607
660 906
391 800
917 635
654 798
131 145
642 943
538 36
244 122
597 986
95 525
619 123
745 215
824 480
818 474
872 880
334 895
951 671
92 773
804 699
897 303
740 851
215 273
642 239
390 183
4 694
725 746
697 104
665 264
926 297
172 591
104 751
657 197
459 32
148 463
737 290
935 844
839 408
318 934
505 454
532 676
454 522
247 886
230 935
206 39
887 63
162 88
767 124
18 447
692 715
841 691
848 893
259 770
760 244
421 545
523 438
921 711
543 537
336 206
862 500
867 327
536 565
106 226
419 36
405 351
102 35
361 948
475 824
401 419
210 609
102 6
514 875
58 914
386 687
622 213
974 242
876 502
101 287
582 696
775 410
61 514
460 556
582 734
992 902
583 844
419 236
887 194
532 913
811 34
173 504
636 528
233 381
158 838
458 929
932 207
160 828
607 668
412 714
830 990
650 253
342 233
461 226
747 640
812 867
935 971
762 968
190 178
83 691
509 661
683 479
871 242
993 612
526 25
152 793
139 239
53 982
997 421
860 990
269 893
494 197
690 137
86 4
280 208
361 598
380 333
227 717
962 949
974 46
959 741
5 446
443 126
190 696
926 518
374 428
259 212
783 429
969 488
524 6
470 548
254 202
463 851
527 456
211 389
251 559
974 980
294 692
960 70
256 181
781 447
821 920
296 762
818 397
944 532
970 596
637 965
38 213
883 915
275 451
285 781
876 739
509 313
112 167
624 611
631 689
711 715
143 438
319 322
803 849
802 768
514 401
119 852
101 497
300 377
898 457
676 834
470 22
83 18
272 203
782 930
944 985
391 288
222 643
878 496
270 559
596 402
713 9
713 167
856 258
693 929
946 776
843 943
4 395
162 186
264 212
861 534
990 577
594 256
582 577
216 553
416 953
9 668
51 9
775 970
178 366
43 871
901 716
592 120
35 647
726 364
404 438
203 348
93 941
100 448
133 758
209 944
980 851
518 364
572 899
221 224
735 231
817 655
496 895
430 978
37 165
724 733
226 478
91 855
321 704
552 429
797 917
437 329
791 19
950 468
135 332
880 677
548 209
708 916
46 46
809 664
208 930
656 978
108 110
528 700
143 583
250 9
11 26
160 705
739 875
494 25
881 281
794 590
195 369
935 396
637 22
349 743
240 466
293 693
511 140
288 934
826 630
295 985
811 89
189 204
830 319
753 527
798 533
936 710
330 187
335 825
439 762
350 562
743 281
400 27
95 475
518 73
798 528
315 977
377 158
906 293
179 717
900 330
330 468
759 225
413 387
536 409
417 230
176 438
411 970
12 264
144 583
974 562
640 202
193 420
816 470
410 888
159 751
691 502
480 402
857 724
750 284
693 86
927 438
687 326
823 754
533 103
61 4
700 228
978 824
382 792
166 340
689 441
548 977
1 591
974 324
235 835
483 811
426 221
237 198
191 438
639 28
393 310
43 943
740 555
242 189
861 928
277 811
164 957
944 952
338 64
966 844
810 56
560 636
428 778
110 130
388 867
736 701
49 872
62 802
298 412
740 622
739 503
753 785
133 208
119 408
339 895
981 784
88 497
783 890
398 273
255 471
482 96
781 545
844 936
618 915
930 963
650 878
147 387
704 602
769 821
875 413
72 943
822 379
923 986
910 714
709 326
668 840
805 169
754 627
155 276
618 101
776 962
106 2
426 854
668 976
660 808
674 410
620 483
935 528
845 734
464 519
509 117
473 329
89 99
148 816
277 270
268 828
936 183
831 590
899 789
530 520
786 837
343 356
347 464
570 446
68 433
601 830
145 497
433 142
251 633
277 660
708 492
730 204
830 702
814 414
51 932
438 263
751 721
207 143
626 571
108 622
826 960
46 323
974 528
426 683
581 800
403 986
644 512
857 217
350 298
778 45
886 519
764 272
560 816
356 190
189 830
593 677
37 46
426 906
895 93
710 124
804 979
482 935
890 367
44 104
404 143
967 136
574 26
239 815
183 173
228 606
167 142
420 176
184 672
977 942
921 643
738 366
428 695
20 711
425 189
41 724
492 714
153 106
570 193
445 272
377 12
843 402
181 479
131 786
94 17
591 979
175 247
409 659
666 471
399 949
934 902
346 952
379 582
309 136
132 504
808 343
346 354
883 871
578 765
352 351
965 485
753 47
814 485
641 497
408 631
167 382
453 382
860 546
795 80
373 270
968 411
253 600
895 98
386 833
779 131
367 307
144 49
298 268
137 762
548 995
603 292
38 654
161 216
11 206
945 715
704 7
404 493
375 688
834 432
83 931
195 799
726 898
219 144
62 455
325 872
647 653
152 761
226 24
55 506
298 870
985 587
895 881
953 828
956 866
473 281
354 507
183 36
304 312
642 351
226 203
901 876
614 907
905 835
174 393
170 799
263 567
712 557
176 53
373 234
942 257
470 544
964 514
219 685
40 394
528 977
25 965
934 929
948 58
20 925
510 693
814 10
404 86
760 172
118 554
524 732
898 331
15 802
868 375
177 832
963 682
587 370
399 497
907 421
423 580
467 715
167 823
520 944
750 254
422 997
325 994
353 286
443 140
718 330
326 108
472 31
181 438
462 135
696 2
681 419
265 279
124 130
715 788
892 686
912 691
439 347
442 457
289 941
455 902
185 933
399 918
122 975
681 585
373 371
385 173
476 422
479 470
625 181
817 672
989 646
384 521
829 722
135 285
271 59
552 774
946 862
970 896
443 76
877 935
116 931
709 222
887 372
364 189
432 297
642 686
848 485
192 148
166 759
699 616
968 844
755 129
775 537
155 471
264 426
363 333
247 290
336 401
982 367
302 656
956 249
300 187
776 39
333 752
532 61
919 295
687 134
964 130
307 835
422 255
109 549
888 653
738 788
135 329
430 996
495 892
320 433
290 874
602 8
507 146
685 17
385 717
993 188
367 781
393 63
320 299
965 249
71 685
577 430
181 346
595 152
148 347
930 46
960 960
994 523
445 52
731 382
948 447
793 330
727 606
823 433
636 920
909 714
982 31
560 163
302 970
240 437
321 451
37 851
995 761
27 254
81 988
716 961
916 833
836 587
785 801
360 462
150 338
128 771
871 65
899 608
966 186
274 952
977 295
61 309
309 17
529 796
713 269
539 700
869 574
846 253
1 91
448 50
242 660
986 698
359 623
431 320
538 561
508 853
178 699
189 295
757 635
321 768
722 83
963 718
388 107
490 778
651 222
458 359
797 555
601 65
242 211
358 560
285 489
979 807
998 123
563 13
108 756
526 328
464 467
610 664
572 531
156 719
619 224
324 915
426 211
398 958
636 314
877 427
107 711
2 412
594 843
738 908
496 295
245 30
526 455
851 505
954 4
561 720
4 244
825 554
525 519
840 227
392 857
168 669
553 47
902 671
49 976
678 991
428 809
778 927
113 605
578 690
16 784
997 898
907 390
317 295
59 476
177 597
259 58
324 451
833 36
290 27
17 284
547 131
852 838
968 719
381 760
170 745
404 171
283 263
732 266
764 606
63 526
725 32
257 803
643 496
793 675
795 54
436 965
565 683
556 218
212 506
718 652
505 305
682 786
655 251
483 508
450 52
693 640
9 840
910 455
866 784
101 536
396 42
455 214
960 380
25 816
713 876
976 861
290 103
484 457
191 476
707 905
107 924
289 991
696 97
525 130
774 680
743 686
26 364
22 643
96 745
54 757
515 297
366 735
553 870
872 452
276 101
249 388
315 963
872 543
479 991
740 713
17 315
173 346
849 736
381 904
529 934
696 196
488 861
942 134
218 779
185 246
140 90
945 384
318 764
765 459
506 654
869 438
432 646
627 103
436 971
591 330
223 400
961 642
265 260
793 727
905 801
931 4
739 502
367 155
928 459
300 264
220 617
357 463
712 524
499 643
399 727
249 723
6 330
39 291
965 113
446 869
42 12
587 762
924 998
975 193
917 197
298 873
177 534
495 647
483 682
323 255
567 416
879 761
298 392
85 34
501 770
952 628
201 57
484 267
268 575
316 436
369 357
274 676
734 39
833 786
175 435
910 810
248 516
581 7
599 831
768 948
920 401
586 336
874 259
442 524
463 987
171 185
113 288
184 299
823 826
853 948
103 763
560 334
997 254
998 833
322 810
91 805
88 739
913 861
697 542
417 400
487 151
800 197
815 537
80 554
671 153
808 553
342 535
214 928
347 609
896 547
845 998
26 952
345 404
673 71
354 463
670 772
835 247
599 179
752 828
415 774
835 329
654 78
66 866
427 939
389 491
941 130
621 454
609 330
576 1
742 947
225 770
300 604
965 447
339 751
944 846
904 899
414 222
786 981
69 145
403 61
151 534
970 584
38 519
957 743
120 84
451 419
475 57
175 451
113 275
225 173
372 395
687 565
229 684
753 612
653 615
978 279
351 248
290 195
445 596
801 730
278 137
37 917
122 83
244 495
684 71
533 889
502 845
49 927
291 231
303 798
269 624
125 920
582 483
411 230
876 121
73 288
838 902
448 340
611 521
870 809
50 30
179 63
435 314
433 726
13 59
704 951
297 305
167 834
667 380
439 181
0 763
233 133
955 342
280 164
714 497
737 816
62 518
295 356
880 294
371 621
638 667
104 267
940 157
828 978
64 567
275 580
62 173
238 276
2 149
425 722
820 95
18 206
844 897
548 803
799 788
3 289
595 45
162 382
364 249
737 379
977 608
883 999
280 732
787 90
118 182
494 328
723 101
35 400
298 821
527 991
558 368
622 734
775 235
836 533
244 136
945 306
715 875
466 202
476 307
28 571
83 799
252 476
340 218
26 241
65 612
108 526
775 31
231 655
679 227
208 411
96 158
680 531
425 260
910 794
276 782
894 962
191 226
527 616
628 367
931 758
919 699
887 900
456 324
762 626
302 815
939 227
244 880
506 217
104 254
937 946
606 66
780 820
195 364
835 618
125 66
264 331
776 566
243 595
531 923
84 896
665 900
872 883
748 721
140 185
684 983
720 214
868 866
914 621
693 337
427 333
597 431
503 755
607 145
638 8
494 185
775 440
604 54
684 527
916 30
321 575
264 545
910 434
244 595
420 440
913 469
52 134
462 113
139 715
689 800
610 840
515 385
697 28
850 113
452 385
0 106
805 998
256 314
937 706
385 688
367 250
763 420
898 207
214 820
416 79
153 103
236 710
880 992
862 656
911 801
74 582
956 497
653 203
25 540
203 754
38 53
158 102
533 634
729 285
975 300
331 914
468 74
471 486
792 385
264 786
705 618
450 763
740 360
340 594
87 564
257 79
553 991
317 522
326 595
21 853
47 22
607 145
278 821
361 652
198 849
317 204
281 872
162 571
372 90
518 838
565 38
271 187
365 537
969 135
72 267
937 362
536 318
992 96
58 443
836 572
936 251
184 75
661 622
660 882
240 556
191 572
96 454
136 860
829 224
189 276
391 765
306 224
496 927
235 394
300 706
621 499
705 459
662 186
297 306
21 484
468 881
948 600
99 576
762 253
759 23
573 595
232 31
732 755
978 597
267 524
753 564
80 291
845 502
130 918
160 382
689 565
764 493
256 133
443 584
855 682
934 650
973 873
694 971
355 544
185 621
68 554
484 150
168 954
352 647
992 115
407 664
595 353
501 653
463 120
715 770
36 432
854 758
746 433
694 663
803 825
475 466
906 991
410 628
146 347
806 931
724 380
905 370
217 749
217 781
510 77
56 945
845 521
59 134
167 697
220 77
791 988
987 712
146 576
943 618
819 530
314 661
227 814
451 401
949 276
597 207
103 599
189 107
189 627
449 31
712 746
907 754
916 619
605 28
319 793
102 196
348 411
538 17
432 693
144 393
940 378
278 9
144 139
663 106
817 257
820 76
858 979
616 2
334 92
532 786
637 77
748 350
548 266
25 924
399 476
693 46
74 459
534 575
725 293
289 523
397 303
160 738
391 822
790 801
96 450
734 732
9 41
628 772
150 604
331 425
300 56
398 236
410 139
634 68
25 816
496 659
213 681
289 428
190 184
946 235
616 314
878 416
141 336
603 458
789 916
988 868
612 740
950 695
481 310
831 444
967 505
176 20
173 643
371 622
264 860
407 164
248 846
608 74
799 0
164 587
30 533
312 706
194 886
209 307
452 241
775 436
702 339
148 875
24 641
826 101
571 247
169 535
429 148
672 101
907 970
948 861
397 429
580 807
210 984
556 363
428 774
352 255
319 899
120 356
883 752
762 20
385 493
254 938
803 246
618 101
99 93
894 170
797 952
762 510
953 734
459 157
824 211
508 562
48 805
801 923
194 467
639 399
553 249
536 31
309 922
402 631
365 755
47 320
68 80
391 179
266 757
729 419
682 595
281 152
852 613
435 844
721 230
325 683
132 384
939 36
928 131
860 886
948 601
482 249
332 154
799 163
689 177
530 787
816 906
281 853
39 790
913 458
380 989
32 771
384 422
476 635
17 854
796 959
525 474
860 82
946 715
614 417
274 14
188 943
628 308
138 550
926 797
719 275
158 660
829 588
96 518
406 937
889 949
934 797
811 196
584 439
17 278
336 1
994 95
744 916
674 486
470 766
564 949
563 609
228 495
846 601
656 941
766 18
295 845
431 452
626 216
123 740
103 463
338 312
60 369
508 38
448 554
987 913
285 147
966 186
738 11
600 935
949 383
792 298
134 659
65 905
742 165
681 437
662 170
126 593
892 439
516 945
544 246
820 620
789 107
367 392
148 522
880 137
922 815
415 261
769 74
65 823
708 749
933 814
267 699
625 297
295 150
923 481
815 133
925 851
49 681
167 200
301 594
520 187
163 434
415 119
885 190
187 786
470 421
283 66
458 158
592 427
927 746
910 402
849 363
665 921
36 32
949 630
282 38
805 162
332 908
589 948
637 427
371 263
851 640
944 79
294 336
933 747
339 487
328 335
490 140
814 658
282 437
114 934
63 234
924 489
994 936
869 583
999 509
894 938
220 251
480 351
669 100
110 310
348 968
806 486
869 661
847 642
24 347
29 380
640 298
471 749
968 243
218 934
341 745
150 198
807 458
302 568
905 261
605 31
880 474
780 593
296 904
600 998
993 375
424 52
552 515
828 937
491 473
424 51
677 849
288 567
23 152
967 148
823 265
608 995
258 216
149 990
949 123
405 26
273 541
479 138
245 671
229 457
5 797
261 324
80 491
177 650
416 714
902 776
387 452
577 341
246 903
565 559
80 889
458 921
452 256
103 402
217 716
8 170
948 556
706 19
957 10
107 426
183 52
527 928
520 680
22 290
736 715
881 609
431 486
314 391
767 293
419 735
553 557
527 799
275 202
78 61
711 578
244 355
470 946
736 192
859 290
641 213
517 439
876 312
276 862
451 8
909 360
512 895
296 886
640 413
631 202
922 46
497 759
454 778
188 967
778 292
208 71
16 618
56 424
964 745
916 981
64 457
290 12
562 668
612 739
598 79
850 433
173 138
32 750
591 418
898 831
796 736
99 154
974 590
126 282
762 973
387 624
694 574
675 302
52 819
439 305
612 241
866 826
8 77
536 905
745 760
518 864
232 984
56 383
22 548
385 816
596 43
909 697
567 578
859 986
779 576
62 186
984 976
835 859
90 899
916 230
658 247
859 284
242 240
34 202
222 112
31 112
566 230
262 942
880 337
422 411
650 840
805 28
637 207
535 998
333 655
610 872
508 819
325 271
807 411
551 959
489 879
475 323
947 266
193 202
797 288
880 150
862 285
824 762
54 507
420 47
925 127
12 747
101 625
344 911
18 231
281 491
618 357
146 984
760 242
867 569
330 90
150 479
866 483
618 584
737 671
989 691
719 366
287 355
24 956
361 78
776 6
364 120
631 404
486 585
608 4
120 23
643 67
819 305
786 568
160 722
297 543
94 230
863 583
398 244
721 881
507 632
309 589
222 588
835 355
150 98
504 290
979 537
940 552
843 369
964 727
278 932
538 952
124 332
328 519
55 963
131 579
947 74
804 864
609 282
210 411
259 777
499 777
994 153
370 308
771 115
129 372
304 787
416 134
690 160
102 859
876 82
892 135
83 448
273 43
426 862
864 194
866 407
710 741
895 757
807 212
669 482
896 898
793 337
927 747
660 574
798 477
234 47
399 328
257 62
657 114
581 300
513 563
256 683
796 579
647 352
232 955
712 203
507 583
990 164
43 309
711 820
164 386
37 925
432 938
545 695
976 761
142 624
865 531
369 727
778 637
182 494
650 6
925 889
382 437
476 911
816 696
150 60
11 806
985 280
163 698
933 32
73 252
952 415
604 101
663 144
363 383
999 771
823 0
194 514
926 185
204 854
418 175
445 571
752 228
377 412
147 347
643 637
353 263
240 188
462 606
936 114
372 183
919 83
204 333
833 680
830 975
437 901
925 214
80 428
350 130
802 902
110 97
782 41
51 685
874 882
483 25
151 712
801 280
994 787
214 186
65 991
995 619
593 33
221 242
876 92
530 507
192 632
471 793
498 489
260 948
834 887
7 578
816 391
741 110
628 933
231 154
187 212
945 625
462 412
182 758
708 247
343 410
999 120
554 590
804 272
839 374
756 222
158 174
912 867
52 452
449 503
421 497
693 467
451 645
389 348
372 46
972 536
458 661
331 209
947 869
911 947
969 129
155 260
516 424
121 463
723 984
36 364
82 700
210 992
414 827
141 924
571 423
984 501
398 318
967 183
134 425
591 382
997 663
484 843
869 53
434 144
334 132
811 56
76 223
918 166
541 527
241 72
447 549
421 759
800 515
392 598
335 487
568 629
984 621
291 649
406 392
764 17
728 93
128 896
478 228
374 450
692 220
348 76
5 922
158 749
619 398
242 67
971 66
767 683
374 855
732 57
857 214
117 639
918 815
127 534
659 618
45 359
672 480
419 813
7 684
40 1
524 900
768 112
924 782
647 773
473 473
834 503
843 129
120 550
787 590
734 800
897 554
847 234
221 909
362 421
106 119
693 31
15 857
536 555
487 728
452 774
176 351
59 879
0 960
633 850
420 278
983 216
403 962
560 399
30 976
125 658
723 238
387 773
191 249
20 983
104 747
83 211
853 269
553 397
717 852
196 358
892 899
871 212
588 798
21 521
736 566
223 87
148 181
581 853
544 552
33 160
91 700
343 440
476 158
928 221
300 667
846 55
280 969
698 375
402 528
417 958
694 721
405 303
234 513
352 531
639 449
627 450
213 662
756 601
42 976
158 324
811 113
66 680
171 684
988 621
488 983
544 887
845 870
811 241
66 645
86 373
96 418
893 785
824 997
999 865
923 501
397 164
860 257
813 390